move_pen_abs(24238.8,43461.57);
draw_curve(24238.8,43461.57,224.43,-209.15,441.63,-481.84,651.58,-818.92);
draw_curve(651.58,-818.92,209.15,-337.85,455.31,-818.89,737.66,-1444.73);
draw_curve(737.66,-1444.73,60.34,-135.13,135.13,-312.11,226.03,-532.52);
draw_curve(226.03,-532.52,189.06,-452.89,341.89,-678.91,459.33,-678.91);
draw_curve(459.33,-678.91,58.74,0,102.19,17.7,131.14,52.28);
draw_curve(131.14,52.28,28.96,34.6,43.44,87.7,43.44,160.1);
draw_curve(43.44,160.1,-1.63,34.57,-8.07,85.25,-20.12,152.04);
draw_curve(-20.12,152.04,-11.26,66.76,-28.96,151.21,-52.28,251.77);
draw_line(-52.28,251.77,-500.37,2182.39);
draw_curve(-500.37,2182.39,860.73,-1132.62,1456.02,-1886.36,1785,-2260.4);
draw_curve(1785,-2260.4,329.01,-374.87,549.43,-562.31,661.24,-562.31);
draw_curve(661.24,-562.31,37.8,0,69.18,9.66,95.71,28.16);
draw_curve(95.71,28.16,25.77,19.3,38.62,41.84,38.62,68.38);
draw_curve(38.62,68.38,0,80.43,-106.17,330.61,-318.55,751.31);
draw_curve(-318.55,751.31,-139.98,278.33,-252.59,505.98,-337.05,682.96);
draw_curve(-337.05,682.96,-192.26,398.98,-335.45,747.29,-429.57,1043.32);
draw_curve(-429.57,1043.32,-94.12,296.03,-141.57,544.61,-141.57,745.7);
draw_line(-141.57,745.7,0,68.38);
draw_line(0,68.38,-245.33,0);
draw_curve(-245.33,0,4.82,-295.23,108.6,-697.44,311.31,-1207.42);
draw_curve(311.31,-1207.42,202.69,-510,520.44,-1167.22,953.23,-1973.23);
draw_curve(953.23,-1973.23,-149.64,143.17,-382.11,405.43,-697.44,786.71);
draw_curve(-697.44,786.71,-316.13,382.09,-703.85,871.17,-1164.8,1468.05);
draw_curve(-1164.8,1468.05,-115.84,150.44,-252.57,338.67,-410.24,563.1);
draw_curve(-410.24,563.1,-172.13,247.75,-283.95,372.45,-334.63,372.45);
draw_curve(-334.63,372.45,-18.5,0,-36.2,-11.26,-51.48,-32.98);
draw_curve(-51.48,-32.98,-16.11,-22.55,-23.35,-48.28,-23.35,-78.04);
draw_curve(-23.35,-78.04,0,-28.16,12.06,-93.32,37,-195.47);
draw_curve(37,-195.47,9.66,-42.64,17.7,-77.21,24.14,-103.78);
draw_line(24.14,-103.78,603.32,-2722.12);
draw_curve(603.32,-2722.12,-67.58,150.41,-168.14,379.66,-301.68,686.15);
draw_curve(-301.68,686.15,-502.76,1167.2,-973.35,2016.67,-1411.75,2547.6);
draw_line(-1411.75,2547.6,-318.55,0);
draw_line(-318.55,0,0,0);
move_pen_rel(5232.75,-946.02);
draw_line(5232.75,-946.02,0,193.08);
draw_curve(0,193.08,-354.75,283.95,-612.16,467.37,-770.63,550.22);
draw_curve(-770.63,550.22,-158.48,83.65,-305.67,125.47,-440.83,125.47);
draw_curve(-440.83,125.47,-156.85,0,-278.33,-46.66,-363.59,-139.95);
draw_curve(-363.59,-139.95,-86.08,-94.12,-128.72,-226.85,-128.72,-399.81);
draw_curve(-128.72,-399.81,0,-136.76,32.18,-272.69,95.74,-406.22);
draw_curve(95.74,-406.22,63.53,-133.54,156.85,-262.23,281.55,-386.93);
draw_curve(281.55,-386.93,137.56,-136.76,277.51,-242.93,417.48,-319.35);
draw_curve(417.48,-319.35,140.78,-76.42,268.67,-114.24,382.91,-114.24);
draw_curve(382.91,-114.24,97.31,0,173.76,23.34,227.63,69.2);
draw_curve(227.63,69.2,53.9,46.63,81.26,111.79,81.26,194.65);
draw_curve(81.26,194.65,0,217.19,-111.02,410.27,-333.03,580.81);
draw_curve(-333.03,580.81,-222.83,170.53,-490.71,255.78,-804.41,255.78);
draw_curve(-804.41,255.78,-34.6,0,-60.34,0,-77.24,-0.8);
draw_curve(-77.24,-0.8,-16.08,-0.8,-32.15,-2.43,-48.26,-4.02);
draw_curve(-48.26,-4.02,-7.24,24.94,-12.85,49.08,-16.08,70.8);
draw_curve(-16.08,70.8,-3.22,21.72,-4.84,45.04,-4.84,68.35);
draw_curve(-4.84,68.35,0,115.84,26.56,204.34,80.46,263.85);
draw_curve(80.46,263.85,53.07,59.54,131.91,89.3,235.69,89.3);
draw_curve(235.69,89.3,117.43,0,250.97,-40.22,400.58,-121.48);
draw_curve(400.58,-121.48,148.81,-80.43,410.27,-270.26,784.31,-568.72);
move_pen_rel(-1451.97,28.96);
draw_curve(-1451.97,28.96,25.74,3.22,50.68,5.64,75.62,7.24);
draw_curve(75.62,7.24,24.94,1.62,51.48,2.42,78.01,2.42);
draw_curve(78.01,2.42,218.02,0,419.11,-72.4,602.52,-217.99);
draw_curve(602.52,-217.99,184.22,-144.8,275.91,-287.17,275.91,-427.15);
draw_curve(275.91,-427.15,0,-37.82,-12.88,-67.58,-38.62,-89.3);
draw_curve(-38.62,-89.3,-26.54,-21.72,-61.14,-32.98,-105.37,-32.98);
draw_curve(-105.37,-32.98,-125.47,0,-276.71,72.4,-452.89,216.39);
draw_curve(-452.89,216.39,-176.97,144.8,-321.77,324.99,-435.18,541.36);
move_pen_rel(2282.12,447.27);
draw_curve(2282.12,447.27,-6.44,16.07,-11.26,31.38,-16.08,47.46);
draw_curve(-16.08,47.46,-4.84,15.28,-7.24,25.74,-7.24,29.76);
draw_curve(-7.24,29.76,0,11.26,2.4,20.92,8.04,29.76);
draw_curve(8.04,29.76,5.61,8.87,12.06,13.68,20.09,15.31);
draw_curve(20.09,15.31,25.77,0,110.22,-52.3,255.02,-156.88);
draw_curve(255.02,-156.88,144.8,-104.58,337.05,-251.77,575.96,-441.63);
draw_line(575.96,-441.63,0,193.88);
draw_line(0,193.88,-111.02,85.25);
draw_curve(-111.02,85.25,-518.84,403.03,-832.57,604.12,-941.17,604.12);
draw_curve(-941.17,604.12,-26.54,0,-48.26,-12.85,-65.96,-37.8);
draw_curve(-65.96,-37.8,-16.9,-25.74,-25.74,-57.92,-25.74,-97.34);
draw_curve(-25.74,-97.34,0,-17.7,4.81,-41.02,14.48,-70.8);
draw_curve(14.48,-70.8,8.83,-30.56,22.52,-65.16,39.42,-104.55);
draw_line(39.42,-104.55,405.43,-902.57);
draw_curve(405.43,-902.57,12.06,-28.13,29.76,-65.96,51.48,-113.41);
draw_curve(51.48,-113.41,42.64,-89.3,63.56,-142.37,63.56,-160.07);
draw_curve(63.56,-160.07,-1.62,-41.04,-70,-66.78,-205.13,-77.24);
draw_curve(-205.13,-77.24,-66.76,-4.82,-121.48,-9.63,-162.5,-14.48);
draw_curve(-162.5,-14.48,-95.71,191.45,-209.95,366.04,-342.69,521.26);
draw_curve(-342.69,521.26,-131.91,156.08,-284.74,296.03,-457.7,419.91);
draw_line(-457.7,419.91,0,-193.85);
draw_curve(0,-193.85,133.54,-94.12,256.61,-210.75,368.43,-349.13);
draw_curve(368.43,-349.13,112.62,-138.35,207.53,-288.76,283.95,-452.06);
draw_curve(283.95,-452.06,-31.35,-18.53,-53.9,-40.25,-66.76,-65.16);
draw_curve(-66.76,-65.16,-13.68,-24.14,-20.12,-55.52,-20.12,-93.32);
draw_curve(-20.12,-93.32,0,-61.14,15.28,-111.02,46.66,-149.64);
draw_curve(46.66,-149.64,31.38,-38.59,71.6,-57.92,120.65,-57.92);
draw_curve(120.65,-57.92,40.24,0,74.02,14.48,100.56,42.64);
draw_curve(100.56,42.64,27.37,28.16,40.22,64.36,40.22,107);
draw_curve(40.22,107,0,20.09,-1.6,39.42,-4.82,56.3);
draw_curve(-4.82,56.3,-3.22,17.7,-7.24,35.4,-13.68,54.7);
draw_curve(-13.68,54.7,39.42,0,78.84,-0.8,119.85,-2.39);
draw_curve(119.85,-2.39,12.89,-1.63,20.13,-2.43,23.35,-2.43);
draw_curve(23.35,-2.43,131.91,0,226.03,17.7,283.15,53.1);
draw_curve(283.15,53.1,56.29,35.4,84.45,92.49,84.45,172.96);
draw_curve(84.45,172.96,0,28.13,-7.24,63.53,-20.92,105.37);
draw_curve(-20.92,105.37,-14.48,42.61,-47.46,121.45,-98.93,238.09);
draw_line(-98.93,238.09,-344.29,765.82);
draw_line(-344.29,765.82,0,0);
move_pen_rel(1665.94,0);
draw_curve(1665.94,0,-6.44,16.07,-11.26,31.38,-16.07,47.46);
draw_curve(-16.07,47.46,-4.85,15.28,-7.24,25.74,-7.24,29.76);
draw_curve(-7.24,29.76,0,11.26,2.39,20.92,8.04,29.76);
draw_curve(8.04,29.76,5.61,8.87,12.06,13.68,20.09,15.31);
draw_curve(20.09,15.31,25.77,0,110.22,-52.3,255.02,-156.88);
draw_curve(255.02,-156.88,144.8,-104.58,337.05,-251.77,575.96,-441.63);
draw_line(575.96,-441.63,0,193.88);
draw_line(0,193.88,-111.02,85.25);
draw_curve(-111.02,85.25,-518.84,403.03,-832.57,604.12,-941.17,604.12);
draw_curve(-941.17,604.12,-26.54,0,-48.26,-12.85,-65.96,-37.8);
draw_curve(-65.96,-37.8,-16.9,-25.74,-25.74,-57.92,-25.74,-97.34);
draw_curve(-25.74,-97.34,0,-17.7,4.81,-41.02,14.48,-70.8);
draw_curve(14.48,-70.8,8.83,-30.56,22.52,-65.16,39.42,-104.55);
draw_line(39.42,-104.55,405.43,-902.57);
draw_curve(405.43,-902.57,12.06,-28.13,29.76,-65.96,51.48,-113.41);
draw_curve(51.48,-113.41,42.64,-89.3,63.56,-142.37,63.56,-160.07);
draw_curve(63.56,-160.07,-1.62,-41.04,-70,-66.78,-205.13,-77.24);
draw_curve(-205.13,-77.24,-66.76,-4.82,-121.48,-9.63,-162.5,-14.48);
draw_curve(-162.5,-14.48,-95.71,191.45,-209.95,366.04,-342.69,521.26);
draw_curve(-342.69,521.26,-131.91,156.08,-284.74,296.03,-457.7,419.91);
draw_line(-457.7,419.91,0,-193.85);
draw_curve(0,-193.85,133.54,-94.12,256.61,-210.75,368.43,-349.13);
draw_curve(368.43,-349.13,112.61,-138.35,207.53,-288.76,283.95,-452.06);
draw_curve(283.95,-452.06,-31.35,-18.53,-53.9,-40.25,-66.76,-65.16);
draw_curve(-66.76,-65.16,-13.68,-24.14,-20.12,-55.52,-20.12,-93.32);
draw_curve(-20.12,-93.32,0,-61.14,15.28,-111.02,46.66,-149.64);
draw_curve(46.66,-149.64,31.38,-38.59,71.6,-57.92,120.65,-57.92);
draw_curve(120.65,-57.92,40.25,0,74.02,14.48,100.56,42.64);
draw_curve(100.56,42.64,27.36,28.16,40.22,64.36,40.22,107);
draw_curve(40.22,107,0,20.09,-1.59,39.42,-4.81,56.3);
draw_curve(-4.81,56.3,-3.22,17.7,-7.24,35.4,-13.68,54.7);
draw_curve(-13.68,54.7,39.42,0,78.84,-0.8,119.85,-2.39);
draw_curve(119.85,-2.39,12.88,-1.63,20.12,-2.43,23.34,-2.43);
draw_curve(23.34,-2.43,131.91,0,226.03,17.7,283.15,53.1);
draw_curve(283.15,53.1,56.3,35.4,84.46,92.49,84.46,172.96);
draw_curve(84.46,172.96,0,28.13,-7.24,63.53,-20.92,105.37);
draw_curve(-20.92,105.37,-14.48,42.61,-47.46,121.45,-98.94,238.09);
draw_line(-98.94,238.09,-344.29,765.82);
draw_line(-344.29,765.82,0,0);
move_pen_rel(1087.56,-481.04);
draw_curve(1087.56,-481.04,-59.52,55.49,-115.84,103.78,-169.74,145.59);
draw_curve(-169.74,145.59,-53.07,41.05,-104.55,76.42,-152.83,104.58);
draw_line(-152.83,104.58,0,-193.05);
draw_curve(0,-193.05,128.72,-95.74,240.54,-190.66,335.45,-283.98);
draw_curve(335.45,-283.98,94.92,-93.29,150.41,-160.07,166.52,-199.49);
draw_line(166.52,-199.49,197.9,-432.76);
draw_line(197.9,-432.76,207.53,0);
draw_line(207.53,0,-511.6,1215.45);
draw_curve(-511.6,1215.45,-4.85,11.29,-12.09,26.57,-20.92,45.06);
draw_curve(-20.92,45.06,-28.16,53.9,-42.64,93.32,-42.64,120.65);
draw_curve(-42.64,120.65,1.6,8.87,4.02,15.28,7.24,18.5);
draw_curve(7.24,18.5,3.22,3.22,8.04,4.85,13.68,4.85);
draw_curve(13.68,4.85,64.36,0,240.51,-137.56,526.88,-413.5);
draw_curve(526.88,-413.5,286.37,-275.91,582.4,-606.52,886.47,-991.02);
draw_line(886.47,-991.02,197.9,0);
draw_line(197.9,0,-753.74,1671.56);
draw_line(-753.74,1671.56,54.7,-47.46);
draw_curve(54.7,-47.46,435.98,-370.03,751.31,-623.42,944.39,-760.18);
draw_line(944.39,-760.18,0,193.88);
draw_curve(0,193.88,-306.5,234.09,-561.51,438.41,-765.82,612.96);
draw_curve(-765.82,612.96,-204.31,174.56,-352.33,314.53,-444.85,419.91);
draw_curve(-444.85,419.91,-115.04,344.29,-218.79,599.31,-311.31,766.62);
draw_curve(-311.31,766.62,-92.49,167.31,-175.35,250.97,-249.37,250.97);
draw_curve(-249.37,250.97,-28.13,0,-51.48,-12.06,-68.38,-36.2);
draw_curve(-68.38,-36.2,-17.67,-24.94,-25.74,-57.12,-25.74,-98.14);
draw_curve(-25.74,-98.14,0,-128.69,49.88,-290.39,150.44,-485.06);
draw_curve(150.44,-485.06,100.56,-194.68,233.27,-378.06,398.19,-548.6);
draw_line(398.19,-548.6,626.64,-1406.14);
draw_curve(626.64,-1406.14,-375.67,411.87,-675.72,715.14,-900.95,908.19);
draw_curve(-900.95,908.19,-226.03,193.88,-390.15,290.39,-493.9,290.39);
draw_curve(-493.9,290.39,-37.82,0,-65.16,-6.41,-81.26,-20.09);
draw_curve(-81.26,-20.09,-16.87,-13.68,-24.94,-37,-24.94,-71.6);
draw_curve(-24.94,-71.6,0,-19.3,6.44,-49.08,18.5,-90.1);
draw_curve(18.5,-90.1,12.88,-41.02,30.58,-90.1,54.72,-146.39);
draw_line(54.72,-146.39,230.85,-545.41);
draw_line(230.85,-545.41,0,0);
move_pen_rel(5362.27,-30.56);
draw_curve(5362.27,-30.56,-146.42,291.19,-324.19,514.82,-533.35,670.07);
draw_curve(-533.35,670.07,-209.95,156.06,-433.56,234.07,-672.47,234.07);
draw_curve(-672.47,234.07,-268.67,0,-489.91,-88.47,-662.84,-265.45);
draw_curve(-662.84,-265.45,-173.76,-176.18,-260.63,-404.63,-260.63,-684.56);
draw_curve(-260.63,-684.56,0,-277.54,74,-572.74,221.21,-883.25);
draw_curve(221.21,-883.25,148.02,-311.31,353.13,-600.9,615.38,-869.57);
draw_curve(615.38,-869.57,221.21,-225.23,443.22,-399.81,665.23,-526.08);
draw_curve(665.23,-526.08,222.04,-125.5,421.53,-188.23,596.88,-188.23);
draw_curve(596.88,-188.23,174.58,0,312.94,47.46,415.89,141.57);
draw_curve(415.89,141.57,102.98,94.12,154.46,221.21,154.46,381.29);
draw_curve(154.46,381.29,0,290.39,-139.18,577.56,-417.48,860.73);
draw_curve(-417.48,860.73,-278.33,283.15,-633.08,487.46,-1065.07,612.96);
draw_line(-1065.07,612.96,77.24,-216.39);
draw_curve(77.24,-216.39,350.73,-122.28,639.49,-305.67,866.35,-550.22);
draw_curve(866.35,-550.22,227.65,-243.73,341.07,-483.44,341.07,-719.13);
draw_curve(341.07,-719.13,0,-100.56,-33.78,-181.82,-102.16,-243.76);
draw_curve(-102.16,-243.76,-68.38,-61.94,-158.48,-93.29,-270.3,-93.29);
draw_curve(-270.3,-93.29,-122.25,0,-267.04,46.63,-432.76,139.15);
draw_curve(-432.76,139.15,-165.72,92.52,-344.29,226.03,-536.54,400.61);
draw_curve(-536.54,400.61,-276.74,250.97,-497.95,531.69,-663.67,841.41);
draw_curve(-663.67,841.41,-165.69,309.72,-248.55,588.85,-248.55,839.02);
draw_curve(-248.55,839.02,0,246.95,65.16,442.43,194.65,588.02);
draw_curve(194.65,588.02,129.52,145.59,302.47,217.99,519.67,217.99);
draw_curve(519.67,217.99,205.93,0,396.56,-64.33,572.74,-192.25);
draw_curve(572.74,-192.25,176.18,-128.69,331.43,-316.93,464.97,-565.5);
draw_line(464.97,-565.5,160.07,70.8);
draw_line(160.07,70.8,0,0);
move_pen_rel(12.88,280.72);
draw_line(12.88,280.72,0,-193.85);
draw_curve(0,-193.85,77.22,-51.5,156.85,-116.66,238.91,-195.47);
draw_curve(238.91,-195.47,81.23,-78.04,169.7,-173.75,263.82,-287.2);
draw_line(263.82,-287.2,859.94,-1837.28);
draw_curve(859.94,-1837.28,14.48,-31.38,33.78,-74.82,59.51,-129.52);
draw_curve(59.51,-129.52,78.04,-177.78,144.8,-266.25,200.32,-266.25);
draw_curve(200.32,-266.25,16.87,0,32.18,8.83,44.24,25.74);
draw_curve(44.24,25.74,12.85,17.7,19.3,39.42,19.3,65.95);
draw_curve(19.3,65.95,0,61.14,-115.04,332.23,-344.29,812.45);
draw_curve(-344.29,812.45,-111.02,229.28,-199.49,413.46,-263.85,553.44);
draw_line(-263.85,553.44,-732.81,1557.35);
draw_curve(-732.81,1557.35,458.53,-453.68,806.83,-777.87,1044.92,-971.72);
draw_curve(1044.92,-971.72,238.11,-193.87,403.83,-291.21,497.94,-291.21);
draw_curve(497.94,-291.21,23.32,0,41.84,10.46,54.7,30.58);
draw_curve(54.7,30.58,12.06,20.92,18.5,50.68,18.5,90.1);
draw_curve(18.5,90.1,0,20.09,-4.02,42.64,-12.06,68.38);
draw_curve(-12.06,68.38,-7.24,24.94,-23.35,65.16,-46.66,119.85);
draw_line(-46.66,119.85,-497.12,1079.52);
draw_curve(-497.12,1079.52,-11.26,24.94,-18.5,42.64,-22.55,53.9);
draw_curve(-22.55,53.9,-4.02,11.26,-5.61,18.5,-5.61,23.31);
draw_curve(-5.61,23.31,0,12.88,2.42,23.34,8.04,30.58);
draw_curve(8.04,30.58,5.65,8.04,12.06,12.85,20.13,14.48);
draw_curve(20.13,14.48,27.33,0,114.21,-53.1,262.22,-159.28);
draw_curve(262.22,-159.28,148.02,-106.2,339.47,-252.59,573.57,-439.23);
draw_line(573.57,-439.23,0,193.08);
draw_line(0,193.08,-111.02,85.25);
draw_curve(-111.02,85.25,-518.84,403.04,-832.57,604.92,-941.17,604.92);
draw_curve(-941.17,604.92,-26.54,0,-49.08,-12.85,-68.38,-39.42);
draw_curve(-68.38,-39.42,-18.5,-25.74,-28.16,-59.51,-28.16,-100.53);
draw_curve(-28.16,-100.53,0,-17.7,4.85,-41.05,15.28,-70);
draw_curve(15.28,-70,10.46,-28.96,24.94,-62.74,43.44,-100.53);
draw_line(43.44,-100.53,471.41,-991.85);
draw_curve(471.41,-991.85,26.54,-53.9,42.61,-87.7,49.05,-101.36);
draw_curve(49.05,-101.36,6.44,-14.48,9.66,-24.94,9.66,-30.58);
draw_curve(9.66,-30.58,0,-14.48,-1.62,-24.94,-4.81,-32.18);
draw_curve(-4.81,-32.18,-3.22,-7.24,-8.07,-10.46,-13.68,-10.46);
draw_curve(-13.68,-10.46,-20.92,0,-80.44,37.03,-178.6,111.02);
draw_curve(-178.6,111.02,-98.13,73.2,-209.13,167.31,-333.03,279.93);
draw_curve(-333.03,279.93,-152.83,133.54,-296,268.7,-430.34,405.43);
draw_curve(-430.34,405.43,-134.33,136.76,-253.39,267.07,-357.17,390.95);
draw_curve(-357.17,390.95,-16.08,19.33,-37.8,45.86,-65.96,80.46);
draw_curve(-65.96,80.46,-100.56,130.31,-185.02,194.65,-252.59,194.65);
draw_curve(-252.59,194.65,-29.76,0,-53.1,-11.26,-70.8,-33.78);
draw_curve(-70.8,-33.78,-16.87,-23.31,-25.74,-53.1,-25.74,-90.9);
draw_curve(-25.74,-90.9,0,-45.86,71.6,-197.89,214.8,-456.1);
draw_curve(214.8,-456.1,67.55,-120.65,120.65,-218.82,160.07,-292.81);
draw_curve(160.07,-292.81,-59.54,54.7,-115.83,103.78,-169.74,144.8);
draw_curve(-169.74,144.8,-53.1,41.84,-104.57,76.41,-153.63,105.37);
move_pen_rel(3071.26,230.87);
draw_curve(3071.26,230.87,-6.44,16.07,-11.26,31.38,-16.07,47.46);
draw_curve(-16.07,47.46,-4.85,15.28,-7.24,25.74,-7.24,29.76);
draw_curve(-7.24,29.76,0,11.26,2.39,20.92,8.04,29.76);
draw_curve(8.04,29.76,5.61,8.87,12.06,13.68,20.09,15.31);
draw_curve(20.09,15.31,25.77,0,110.22,-52.3,255.02,-156.88);
draw_curve(255.02,-156.88,144.8,-104.58,337.05,-251.77,575.96,-441.63);
draw_line(575.96,-441.63,0,193.88);
draw_line(0,193.88,-111.02,85.25);
draw_curve(-111.02,85.25,-518.84,403.03,-832.57,604.12,-941.17,604.12);
draw_curve(-941.17,604.12,-26.54,0,-48.26,-12.85,-65.96,-37.8);
draw_curve(-65.96,-37.8,-16.9,-25.74,-25.74,-57.92,-25.74,-97.34);
draw_curve(-25.74,-97.34,0,-17.7,4.81,-41.02,14.48,-70.8);
draw_curve(14.48,-70.8,8.84,-30.56,22.52,-65.16,39.42,-104.55);
draw_line(39.42,-104.55,405.43,-902.57);
draw_curve(405.43,-902.57,12.06,-28.13,29.76,-65.96,51.48,-113.41);
draw_curve(51.48,-113.41,42.64,-89.3,63.56,-142.37,63.56,-160.07);
draw_curve(63.56,-160.07,-1.63,-41.04,-70,-66.78,-205.13,-77.24);
draw_curve(-205.13,-77.24,-66.76,-4.82,-121.48,-9.63,-162.5,-14.48);
draw_curve(-162.5,-14.48,-95.71,191.45,-209.95,366.04,-342.69,521.26);
draw_curve(-342.69,521.26,-131.91,156.08,-284.74,296.03,-457.7,419.91);
draw_line(-457.7,419.91,0,-193.85);
draw_curve(0,-193.85,133.54,-94.12,256.61,-210.75,368.43,-349.13);
draw_curve(368.43,-349.13,112.61,-138.35,207.53,-288.76,283.95,-452.06);
draw_curve(283.95,-452.06,-31.35,-18.53,-53.9,-40.25,-66.76,-65.16);
draw_curve(-66.76,-65.16,-13.68,-24.14,-20.12,-55.52,-20.12,-93.32);
draw_curve(-20.12,-93.32,0,-61.14,15.28,-111.02,46.66,-149.64);
draw_curve(46.66,-149.64,31.38,-38.59,71.6,-57.92,120.65,-57.92);
draw_curve(120.65,-57.92,40.25,0,74.02,14.48,100.56,42.64);
draw_curve(100.56,42.64,27.36,28.16,40.22,64.36,40.22,107);
draw_curve(40.22,107,0,20.09,-1.59,39.42,-4.81,56.3);
draw_curve(-4.81,56.3,-3.22,17.7,-7.24,35.4,-13.68,54.7);
draw_curve(-13.68,54.7,39.42,0,78.84,-0.8,119.85,-2.39);
draw_curve(119.85,-2.39,12.88,-1.63,20.12,-2.43,23.34,-2.43);
draw_curve(23.34,-2.43,131.91,0,226.03,17.7,283.15,53.1);
draw_curve(283.15,53.1,56.3,35.4,84.46,92.49,84.46,172.96);
draw_curve(84.46,172.96,0,28.13,-7.24,63.53,-20.92,105.37);
draw_curve(-20.92,105.37,-14.48,42.61,-47.46,121.45,-98.94,238.09);
draw_line(-98.94,238.09,-344.29,765.82);
draw_line(-344.29,765.82,0,0);
move_pen_rel(1053.79,0);
draw_curve(1053.79,0,-8.04,16.9,-14.48,32.98,-20.13,46.66);
draw_curve(-20.13,46.66,-5.61,14.48,-8.83,24.11,-8.83,30.56);
draw_curve(-8.83,30.56,0,12.88,3.22,23.34,9.66,32.18);
draw_curve(9.66,32.18,6.41,8.87,12.06,12.89,18.5,12.89);
draw_curve(18.5,12.89,27.33,0,114.21,-53.1,262.23,-159.28);
draw_curve(262.23,-159.28,148.02,-106.2,339.47,-252.59,573.57,-439.23);
draw_line(573.57,-439.23,0,193.08);
draw_line(0,193.08,-111.02,85.25);
draw_curve(-111.02,85.25,-518.84,403.04,-832.57,604.92,-941.17,604.92);
draw_curve(-941.17,604.92,-28.16,0,-51.48,-12.85,-69.18,-39.42);
draw_curve(-69.18,-39.42,-18.5,-25.74,-27.36,-59.51,-27.36,-100.53);
draw_curve(-27.36,-100.53,0,-22.55,4.02,-47.46,12.88,-77.24);
draw_curve(12.88,-77.24,8.83,-28.96,21.72,-60.31,38.62,-93.29);
draw_line(38.62,-93.29,295.2,-577.58);
draw_curve(295.2,-577.58,-59.52,54.7,-116.63,103.78,-169.74,144.8);
draw_curve(-169.74,144.8,-53.9,41.84,-104.57,76.41,-153.63,105.37);
draw_line(-153.63,105.37,0,-193.85);
draw_curve(0,-193.85,124.67,-90.89,233.27,-182.62,327.39,-275.94);
draw_curve(327.39,-275.94,94.91,-94.11,152.83,-162.46,174.55,-206.73);
draw_line(174.55,-206.73,211.58,-432.76);
draw_line(211.58,-432.76,207.53,0);
draw_line(207.53,0,-630.66,1340.15);
draw_line(-630.66,1340.15,0,0);
move_pen_rel(670.87,-1673.19);
draw_curve(670.87,-1673.19,-34.57,0,-61.94,-10.46,-81.23,-30.58);
draw_curve(-81.23,-30.58,-20.13,-20.09,-29.76,-47.46,-29.76,-80.43);
draw_curve(-29.76,-80.43,0,-65.96,20.89,-127.89,62.74,-186.61);
draw_curve(62.74,-186.61,41.84,-58.74,88.47,-88.5,139.98,-88.5);
draw_curve(139.98,-88.5,32.98,0,59.51,10.46,80.43,32.18);
draw_curve(80.43,32.18,20.09,20.92,30.56,48.26,30.56,82.86);
draw_curve(30.56,82.86,0,74,-19.3,137.56,-57.92,190.66);
draw_curve(-57.92,190.66,-38.59,53.87,-86.88,80.43,-144.8,80.43);
move_pen_rel(1828.44,1201.8);
draw_line(1828.44,1201.8,0,197.87);
draw_curve(0,197.87,-281.56,218.82,-493.93,363.61,-638.7,433.59);
draw_curve(-638.7,433.59,-144.8,69.97,-285.57,108.59,-422.33,116.63);
draw_curve(-422.33,116.63,-90.89,42.64,-164.92,72.4,-221.21,90.1);
draw_curve(-221.21,90.1,-57.12,16.9,-107,25.74,-151.24,25.74);
draw_curve(-151.24,25.74,-82.86,0,-156.05,-18.5,-218.79,-55.5);
draw_curve(-218.79,-55.5,-63.56,-37,-94.94,-78.84,-94.94,-126.3);
draw_curve(-94.94,-126.3,0,-18.5,9.67,-32.98,27.36,-41.02);
draw_curve(27.36,-41.02,17.7,-8.87,47.46,-12.88,88.48,-12.88);
draw_curve(88.48,-12.88,20.12,0,61.14,2.42,122.28,8.86);
draw_curve(122.28,8.86,61.94,6.41,112.62,9.63,153.66,9.63);
draw_curve(153.66,9.63,28.13,0,84.45,-4.81,167.31,-14.48);
draw_curve(167.31,-14.48,19.3,-1.59,33.78,-3.22,45.04,-4.02);
draw_curve(45.04,-4.02,113.44,-132.71,197.1,-300.05,251.8,-502.77);
draw_curve(251.8,-502.77,55.5,-202.71,83.66,-452.88,85.25,-751.31);
draw_curve(85.25,-751.31,-197.87,217.99,-375.64,400.61,-533.32,547);
draw_curve(-533.32,547,-156.85,147.22,-289.59,253.39,-398.19,319.35);
draw_line(-398.19,319.35,0,-193.05);
draw_curve(0,-193.05,187.43,-143.2,364.41,-300.05,532.52,-469.79);
draw_curve(532.52,-469.79,168.94,-170.53,322.57,-349.93,462.55,-538.17);
draw_curve(462.55,-538.17,28.16,-133.51,61.94,-230.05,100.56,-290.39);
draw_curve(100.56,-290.39,39.39,-60.31,86.88,-90.9,143.17,-90.9);
draw_curve(143.17,-90.9,31.38,0,58.72,12.88,82.06,37.82);
draw_curve(82.06,37.82,23.31,24.91,35.4,54.7,35.4,89.27);
draw_curve(35.4,89.27,0,48.28,-20.92,106.2,-63.56,172.16);
draw_curve(-63.56,172.16,-41.84,65.96,-101.36,134.33,-177.78,206.73);
draw_line(-177.78,206.73,0,179.37);
draw_curve(0,179.37,0,290.42,-26.54,550.22,-80.43,778.67);
draw_curve(-80.43,778.67,-53.1,228.48,-121.48,384.54,-204.34,468.19);
draw_curve(-204.34,468.19,90.89,-24.14,197.89,-74.02,319.35,-150.44);
draw_curve(319.35,-150.44,121.48,-76.42,317.75,-222.81,588.05,-440);
move_pen_rel(150.44,391.74);
draw_line(150.44,391.74,201.89,-483.47);
draw_curve(201.89,-483.47,-82.03,76.44,-156.05,142.4,-223.61,196.3);
draw_curve(-223.61,196.3,-67.58,54.7,-131.14,99.73,-190.65,135.93);
draw_line(-190.65,135.93,0,-193.85);
draw_curve(0,-193.85,150.44,-115.83,281.55,-224.43,391.74,-325.79);
draw_curve(391.74,-325.79,111.02,-101.36,169.74,-163.3,177.77,-185.01);
draw_line(177.77,-185.01,285.57,-708.7);
draw_line(285.57,-708.7,-445.65,0);
draw_line(-445.65,0,78.04,-154.46);
draw_line(78.04,-154.46,433.56,0);
draw_line(433.56,0,279.96,-684.56);
draw_curve(279.96,-684.56,4.82,-10.46,11.26,-26.54,19.3,-46.66);
draw_curve(19.3,-46.66,75.62,-191.46,141.57,-287.17,197.89,-287.17);
draw_curve(197.89,-287.17,26.54,0,48.26,7.24,63.54,22.52);
draw_curve(63.54,22.52,16.1,14.48,23.34,32.98,23.34,54.7);
draw_curve(23.34,54.7,0,24.14,-6.44,57.92,-20.92,101.35);
draw_curve(-20.92,101.35,-13.68,44.24,-36.2,98.96,-65.96,164.92);
draw_line(-65.96,164.92,-284.77,674.89);
draw_line(-284.77,674.89,353.15,0);
draw_line(353.15,0,-58.75,154.46);
draw_line(-58.75,154.46,-356.34,0);
draw_line(-356.34,0,-624.22,1521.95);
draw_curve(-624.22,1521.95,-4.85,12.88,-12.88,31.38,-23.34,56.32);
draw_curve(-23.34,56.32,-34.57,78.81,-52.28,131.91,-52.28,158.45);
draw_curve(-52.28,158.45,0,26.57,6.41,46.66,18.5,59.54);
draw_curve(18.5,59.54,12.85,12.06,32.18,18.5,59.51,18.5);
draw_curve(59.51,18.5,49.88,0,280.76,-156.06,692.59,-467.37);
draw_curve(692.59,-467.37,103.78,-78.84,185.04,-139.98,242.96,-184.21);
draw_line(242.96,-184.21,0,198.69);
draw_line(0,198.69,-2.42,0);
draw_curve(-2.42,0,-593.66,449.67,-960.47,674.89,-1102.04,674.89);
draw_curve(-1102.04,674.89,-57.92,0,-101.35,-13.65,-128.72,-40.22);
draw_curve(-128.72,-40.22,-27.37,-26.54,-41.02,-67.55,-41.02,-123.07);
draw_curve(-41.02,-123.07,0,-48.26,21.72,-123.87,65.96,-226.03);
draw_curve(65.96,-226.03,15.28,-36.2,27.33,-64.36,35.4,-82.86);
move_pen_rel(4141.12,-396.59);
draw_line(4141.12,-396.59,0,193.08);
draw_line(0,193.08,-113.41,90.1);
draw_curve(-113.41,90.1,-501.17,390.12,-802.81,585.59,-904.97,585.59);
draw_curve(-904.97,585.59,-39.42,0,-68.38,-11.26,-87.67,-32.98);
draw_curve(-87.67,-32.98,-18.5,-22.52,-28.16,-57.92,-28.16,-106.97);
draw_curve(-28.16,-106.97,0,-21.72,3.22,-46.66,10.46,-74.82);
draw_curve(10.46,-74.82,7.24,-27.37,16.07,-53.9,27.33,-78.84);
draw_line(27.33,-78.84,477.02,-994.24);
draw_curve(477.02,-994.24,16.11,-34.6,27.37,-62.76,34.61,-84.48);
draw_curve(34.61,-84.48,7.24,-21.72,10.46,-42.61,10.46,-61.14);
draw_curve(10.46,-61.14,0,-3.19,-0.83,-5.61,-1.63,-7.24);
draw_curve(-1.63,-7.24,-0.8,-1.59,-1.6,-2.39,-3.22,-2.39);
draw_curve(-3.22,-2.39,-14.48,0,-78.01,54.7,-193.05,164.89);
draw_curve(-193.05,164.89,-114.24,110.22,-247.78,246.15,-399.81,409.44);
draw_curve(-399.81,409.44,-130.32,136.76,-283.95,308.09,-459.3,514.85);
draw_curve(-459.3,514.85,-202.71,235.69,-333.85,353.92,-391.77,353.92);
draw_curve(-391.77,353.92,-24.91,0,-45.83,-7.24,-62.74,-22.52);
draw_curve(-62.74,-22.52,-16.07,-15.28,-24.14,-34.57,-24.14,-57.92);
draw_curve(-24.14,-57.92,0,-36.2,14.48,-85.26,45.06,-147.22);
draw_curve(45.06,-147.22,6.44,-12.85,10.46,-21.72,13.68,-28.13);
draw_line(13.68,-28.13,434.39,-937.95);
draw_curve(434.39,-937.95,29.76,-65.98,52.28,-118.26,68.35,-158.48);
draw_curve(68.35,-158.48,15.31,-40.22,23.34,-65.96,23.34,-76.42);
draw_curve(23.34,-76.42,0,-1.63,-0.8,-4.02,-2.42,-6.44);
draw_curve(-2.42,-6.44,-1.6,-2.43,-4.02,-3.22,-7.24,-3.22);
draw_curve(-7.24,-3.22,-20.09,0,-76.42,42.64,-167.31,127.1);
draw_curve(-167.31,127.1,-90.9,84.48,-205.94,201.91,-344.29,350.73);
draw_curve(-344.29,350.73,-116.63,127.09,-261.43,292.81,-434.39,495.52);
draw_curve(-434.39,495.52,-263.85,309.69,-437.61,464.94,-521.26,464.94);
draw_curve(-521.26,464.94,-28.16,0,-51.48,-12.06,-69.18,-35.37);
draw_curve(-69.18,-35.37,-18.5,-23.35,-27.37,-53.9,-27.37,-90.1);
draw_curve(-27.37,-90.1,0,-43.44,61.94,-177.78,186.64,-400.61);
draw_curve(186.64,-400.61,78.02,-142.37,141.57,-257.41,188.24,-347.51);
draw_curve(188.24,-347.51,-59.54,54.7,-115.84,103.78,-169.74,144.8);
draw_curve(-169.74,144.8,-53.1,41.84,-104.58,76.41,-153.63,105.37);
draw_line(-153.63,105.37,0,-193.85);
draw_curve(0,-193.85,124.67,-90.89,234.07,-182.62,328.18,-275.94);
draw_curve(328.18,-275.94,94.12,-93.29,152.83,-162.46,174.56,-205.91);
draw_line(174.56,-205.91,213.17,-433.59);
draw_line(213.17,-433.59,207.56,0);
draw_line(207.56,0,-578.38,1214.65);
draw_curve(-578.38,1214.65,357.97,-400.58,656.39,-708.67,894.51,-924.26);
draw_curve(894.51,-924.26,238.11,-216.4,398.19,-324.19,480.25,-324.19);
draw_curve(480.25,-324.19,31.35,0,55.5,7.24,71.57,20.92);
draw_curve(71.57,20.92,16.9,14.48,24.94,36.2,24.94,66.78);
draw_curve(24.94,66.78,0,21.72,-4.82,49.06,-14.48,81.24);
draw_curve(-14.48,81.24,-8.83,32.18,-24.94,74.02,-46.66,126.3);
draw_line(-46.66,126.3,-417.48,929.91);
draw_curve(-417.48,929.91,349.1,-394.17,638.69,-696.64,868.77,-908.19);
draw_curve(868.77,-908.19,230.87,-211.55,387.72,-316.95,468.99,-316.95);
draw_curve(468.99,-316.95,29.76,0,53.07,8.06,70.77,23.34);
draw_curve(70.77,23.34,16.9,16.07,25.74,37,25.74,64.36);
draw_curve(25.74,64.36,0,24.94,-5.62,54.7,-16.91,89.27);
draw_curve(-16.91,89.27,-10.43,34.6,-26.54,74.02,-46.63,118.26);
draw_line(-46.63,118.26,-497.15,1078.72);
draw_curve(-497.15,1078.72,-10.46,24.94,-18.5,42.64,-21.72,53.9);
draw_curve(-21.72,53.9,-4.02,11.26,-6.41,18.5,-6.41,23.31);
draw_curve(-6.41,23.31,0,12.88,3.19,23.34,8.04,30.58);
draw_curve(8.04,30.58,5.61,8.04,12.85,12.85,20.09,14.48);
draw_curve(20.09,14.48,27.36,0,114.24,-53.1,262.26,-159.28);
draw_curve(262.26,-159.28,148.02,-106.2,339.44,-252.59,573.54,-439.23);
move_pen_rel(1171.22,478.65);
draw_curve(1171.22,478.65,-5.61,15.28,-11.26,30.56,-16.07,44.24);
draw_curve(-16.07,44.24,-4.85,14.48,-7.24,24.11,-7.24,30.56);
draw_curve(-7.24,30.56,0,11.26,3.22,21.72,9.63,30.58);
draw_curve(9.63,30.58,6.44,9.63,12.88,14.48,20.92,14.48);
draw_curve(20.92,14.48,24.94,0,111.81,-53.1,260.63,-159.28);
draw_curve(260.63,-159.28,148.81,-106.2,340.27,-252.59,574.37,-439.23);
draw_line(574.37,-439.23,0,193.08);
draw_line(0,193.08,-58.72,45.04);
draw_curve(-58.72,45.04,-552.65,429.57,-883.25,645.14,-993.47,645.14);
draw_curve(-993.47,645.14,-23.31,0,-44.24,-11.26,-63.54,-32.18);
draw_curve(-63.54,-32.18,-18.5,-21.72,-28.16,-48.26,-28.16,-79.64);
draw_curve(-28.16,-79.64,0,-15.28,5.64,-41.02,16.07,-75.59);
draw_curve(16.07,-75.59,11.29,-34.61,26.56,-75.62,47.48,-123.08);
draw_line(47.48,-123.08,154.43,-351.56);
draw_curve(154.43,-351.56,-157.65,234.89,-294.41,401.41,-411.04,499.54);
draw_curve(-411.04,499.54,-117.46,98.96,-233.3,148.02,-347.51,148.02);
draw_curve(-347.51,148.02,-119.85,0,-217.19,-50.68,-292.01,-151.21);
draw_curve(-292.01,-151.21,-75.62,-100.56,-113.41,-231.67,-113.41,-393.37);
draw_curve(-113.41,-393.37,0,-119.85,22.52,-233.3,68.38,-341.07);
draw_curve(68.38,-341.07,45.83,-107.8,114.21,-213.17,207.53,-316.95);
draw_curve(207.53,-316.95,156.85,-171.33,342.69,-308.09,558.26,-410.24);
draw_curve(558.26,-410.24,214.77,-102.15,423.13,-153.66,623.42,-153.66);
draw_curve(623.42,-153.66,83.66,0,157.68,8.06,222.04,24.94);
draw_curve(222.04,24.94,64.33,16.91,127.09,44.27,188.23,82.06);
draw_line(188.23,82.06,-9.66,183.42);
draw_curve(-9.66,183.42,-65.96,-43.44,-131.11,-75.62,-196.27,-95.74);
draw_curve(-196.27,-95.74,-65.16,-20.09,-135.16,-30.56,-208.36,-30.56);
draw_curve(-208.36,-30.56,-176.18,0,-360.36,45.83,-554.24,136.76);
draw_curve(-554.24,136.76,-193.05,90.9,-349.93,206.74,-470.58,346.69);
draw_curve(-470.58,346.69,-77.22,89.3,-136.76,183.42,-177.78,281.55);
draw_curve(-177.78,281.55,-41.84,98.14,-62.74,193.88,-62.74,288.79);
draw_curve(-62.74,288.79,0,109.4,23.32,196.27,69.18,259.83);
draw_curve(69.18,259.83,46.66,63.54,108.6,95.71,185.02,95.71);
draw_curve(185.02,95.71,95.71,0,217.19,-79.64,364.41,-238.11);
draw_curve(364.41,-238.11,146.39,-159.28,382.88,-477,707.87,-954.02);
draw_line(707.87,-954.02,189.03,18.5);
draw_line(189.03,18.5,-456.11,976.57);
draw_line(-456.11,976.57,0,0);
move_pen_rel(2507.38,-473.81);
draw_line(2507.38,-473.81,0,197.87);
draw_curve(0,197.87,-281.56,218.82,-493.93,363.61,-638.7,433.59);
draw_curve(-638.7,433.59,-144.8,69.97,-285.57,108.59,-422.33,116.63);
draw_curve(-422.33,116.63,-90.9,42.64,-164.92,72.4,-221.21,90.1);
draw_curve(-221.21,90.1,-57.12,16.9,-107,25.74,-151.24,25.74);
draw_curve(-151.24,25.74,-82.86,0,-156.06,-18.5,-218.79,-55.5);
draw_curve(-218.79,-55.5,-63.56,-37,-94.94,-78.84,-94.94,-126.3);
draw_curve(-94.94,-126.3,0,-18.5,9.67,-32.98,27.37,-41.02);
draw_curve(27.37,-41.02,17.7,-8.87,47.46,-12.88,88.47,-12.88);
draw_curve(88.47,-12.88,20.12,0,61.14,2.42,122.28,8.86);
draw_curve(122.28,8.86,61.94,6.41,112.62,9.63,153.66,9.63);
draw_curve(153.66,9.63,28.13,0,84.45,-4.81,167.31,-14.48);
draw_curve(167.31,-14.48,19.3,-1.59,33.78,-3.22,45.04,-4.02);
draw_curve(45.04,-4.02,113.44,-132.71,197.1,-300.05,251.8,-502.77);
draw_curve(251.8,-502.77,55.5,-202.71,83.66,-452.88,85.26,-751.31);
draw_curve(85.26,-751.31,-197.87,217.99,-375.64,400.61,-533.32,547);
draw_curve(-533.32,547,-156.85,147.22,-289.59,253.39,-398.19,319.35);
draw_line(-398.19,319.35,0,-193.05);
draw_curve(0,-193.05,187.43,-143.2,364.41,-300.05,532.52,-469.79);
draw_curve(532.52,-469.79,168.94,-170.53,322.57,-349.93,462.55,-538.17);
draw_curve(462.55,-538.17,28.16,-133.51,61.94,-230.05,100.56,-290.39);
draw_curve(100.56,-290.39,39.39,-60.31,86.88,-90.9,143.17,-90.9);
draw_curve(143.17,-90.9,31.38,0,58.72,12.88,82.06,37.82);
draw_curve(82.06,37.82,23.31,24.91,35.4,54.7,35.4,89.27);
draw_curve(35.4,89.27,0,48.28,-20.92,106.2,-63.56,172.16);
draw_curve(-63.56,172.16,-41.84,65.96,-101.36,134.33,-177.78,206.73);
draw_line(-177.78,206.73,0,179.37);
draw_curve(0,179.37,0,290.42,-26.54,550.22,-80.43,778.67);
draw_curve(-80.43,778.67,-53.1,228.48,-121.48,384.54,-204.34,468.19);
draw_curve(-204.34,468.19,90.9,-24.14,197.9,-74.02,319.35,-150.44);
draw_curve(319.35,-150.44,121.48,-76.42,317.75,-222.81,588.05,-440);
endfile();
Christmas letter for 1.2m