move_pen_abs(28146.98,16605.67);
draw_curve(28146.98,16605.67,0,46.71,-8.61,71.3,-25.81,73.75);
draw_line(-25.81,73.75,0,748.61);
draw_curve(0,748.61,0,17.21,-17.21,25.81,-51.63,25.81);
draw_curve(-51.63,25.81,-44.25,0,-118.01,-14.75,-221.26,-44.25);
draw_curve(-221.26,-44.25,-59,-14.75,-97.11,-23.36,-114.32,-25.81);
draw_curve(-114.32,-25.81,-14.75,-2.46,-24.58,-21.51,-29.5,-57.16);
draw_curve(-29.5,-57.16,-4.92,-35.65,-7.38,-90.35,-7.38,-164.1);
draw_line(-7.38,-164.1,3.69,-435.15);
draw_curve(3.69,-435.15,0,-120.46,-7.37,-205.28,-22.13,-254.45);
draw_curve(-22.13,-254.45,-14.75,-49.17,-51.02,-83.59,-108.79,-103.26);
draw_curve(-108.79,-103.26,-57.78,-19.67,-155.5,-29.5,-293.18,-29.5);
draw_curve(-293.18,-29.5,-9.83,-22.13,-22.13,-33.19,-36.87,-33.19);
draw_curve(-36.87,-33.19,-4.92,0,-11.06,5.53,-18.44,16.59);
draw_curve(-18.44,16.59,-7.37,11.06,-11.06,20.28,-11.06,27.66);
draw_line(-11.06,27.66,-298.7,0);
draw_line(-298.7,0,-564.22,-40.57);
draw_line(-564.22,-40.57,-47.94,29.5);
draw_line(-47.94,29.5,-3.69,154.88);
draw_curve(-3.69,154.88,0,132.76,8.6,296.25,25.81,490.47);
draw_curve(25.81,490.47,2.46,29.5,7.37,96.5,14.75,200.98);
draw_curve(14.75,200.98,7.38,104.49,11.06,202.21,11.06,293.18);
draw_curve(11.06,293.18,0,27.04,-23.35,40.56,-70.07,40.56);
draw_curve(-70.07,40.56,-41.79,0,-86.66,-13.52,-134.6,-40.56);
draw_curve(-134.6,-40.56,-47.94,-27.04,-86.66,-59,-116.16,-95.88);
draw_curve(-116.16,-95.88,-4.92,-122.93,-9.83,-374.92,-14.75,-755.98);
draw_curve(-14.75,-755.98,-4.92,-381.07,-7.37,-751.07,-7.37,-1110.01);
draw_curve(-7.37,-1110.01,-19.67,-66.38,-29.5,-159.8,-29.5,-280.27);
draw_line(-29.5,-280.27,3.69,-199.14);
draw_line(3.69,-199.14,25.81,-18.44);
draw_line(25.81,-18.44,272.89,0);
draw_curve(272.89,0,2.46,0,10.45,6.15,23.97,18.44);
draw_curve(23.97,18.44,13.52,12.3,22.74,20.9,27.66,25.81);
draw_curve(27.66,25.81,0,2.46,-4.92,7.99,-14.75,16.59);
draw_curve(-14.75,16.59,-9.83,8.61,-14.75,17.83,-14.75,27.66);
draw_curve(-14.75,27.66,0,29.5,3.69,65.77,11.06,108.79);
draw_curve(11.06,108.79,7.38,43.02,12.3,70.68,14.75,82.97);
draw_curve(14.75,82.97,14.75,73.76,22.13,122.93,22.13,147.51);
draw_line(22.13,147.51,3.69,239.7);
draw_curve(3.69,239.7,0,103.26,-0.61,170.86,-1.84,202.82);
draw_curve(-1.84,202.82,-1.23,31.96,-1.85,49.17,-1.85,51.63);
draw_curve(-1.85,51.63,0,22.13,8.61,33.19,25.81,33.19);
draw_line(25.81,33.19,33.19,-3.69);
draw_curve(33.19,-3.69,39.33,0,81.13,3.69,125.38,11.06);
draw_curve(125.38,11.06,73.76,9.83,147.51,14.75,221.26,14.75);
draw_curve(221.26,14.75,44.26,0,92.19,-4.3,143.82,-12.91);
draw_curve(143.82,-12.91,51.63,-8.61,87.28,-12.91,106.94,-12.91);
draw_curve(106.94,-12.91,39.33,0,95.88,4.92,169.63,14.75);
draw_curve(169.63,14.75,17.21,0,42.41,1.84,75.6,5.53);
draw_curve(75.6,5.53,33.19,3.69,62.08,5.53,86.66,5.53);
draw_curve(86.66,5.53,127.84,0,267.98,-24.59,420.4,-73.76);
draw_line(420.4,-73.76,3.69,-236.01);
draw_curve(3.69,-236.01,0,-61.46,-4.92,-151.2,-14.75,-269.2);
draw_curve(-14.75,-269.2,-9.83,-118.01,-14.75,-206.51,-14.75,-265.52);
draw_curve(-14.75,-265.52,0,-51.63,4.92,-83.59,14.75,-95.88);
draw_curve(14.75,-95.88,9.83,-12.29,36.88,-24.59,81.13,-36.88);
draw_line(81.13,-36.88,88.51,-25.81);
draw_curve(88.51,-25.81,14.75,0,28.27,3.69,40.56,11.06);
draw_curve(40.56,11.06,12.29,7.38,23.35,15.98,33.19,25.81);
draw_curve(33.19,25.81,24.59,24.59,46.71,36.88,66.38,36.88);
draw_curve(66.38,36.88,0,7.37,-3.07,14.75,-9.22,22.13);
draw_curve(-9.22,22.13,-6.15,7.37,-12.91,13.52,-20.28,18.44);
draw_line(-20.28,18.44,0,110.63);
draw_curve(0,110.63,0,54.09,12.29,135.22,36.88,243.39);
draw_curve(36.88,243.39,22.13,88.5,33.19,159.8,33.19,213.89);
draw_curve(33.19,213.89,-2.46,12.29,-6.15,25.81,-11.06,40.56);
draw_curve(-11.06,40.56,-4.92,14.75,-8.61,24.59,-11.06,29.5);
draw_curve(-11.06,29.5,0,36.87,4.92,87.28,14.75,151.2);
draw_curve(14.75,151.2,2.46,14.75,4.92,31.96,7.37,51.63);
draw_curve(7.37,51.63,2.46,19.67,3.69,43.02,3.69,70.07);
draw_line(3.69,70.07,-3.69,88.5);
draw_curve(-3.69,88.5,14.75,2.46,27.04,67.61,36.88,195.45);
draw_curve(36.88,195.45,9.83,127.84,14.75,223.72,14.75,287.64);
draw_line(14.75,287.64,0,14.75);
draw_line(0,14.75,0,0);
move_pen_rel(-324.52,-1316.52);
draw_curve(-324.52,-1316.52,7.38,2.46,17.83,20.28,31.35,53.47);
draw_curve(31.35,53.47,13.52,33.19,26.43,49.78,38.72,49.78);
draw_curve(38.72,49.78,4.92,0,8.61,-1.23,11.07,-3.69);
draw_curve(11.07,-3.69,-24.59,19.67,-43.02,39.34,-55.32,59);
draw_line(-55.32,59,-3.69,7.38);
draw_curve(-3.69,7.38,0,7.37,2.46,14.75,7.37,22.13);
draw_curve(7.37,22.13,4.92,7.37,9.83,12.29,14.75,14.75);
draw_curve(14.75,14.75,44.25,-2.46,71.3,-31.34,81.13,-86.66);
draw_curve(81.13,-86.66,9.83,-55.31,14.75,-121.08,14.75,-197.29);
draw_curve(14.75,-197.29,0,-36.88,-2.46,-62.08,-7.37,-75.6);
draw_curve(-7.37,-75.6,-4.92,-13.52,-16.59,-22.13,-35.03,-25.81);
draw_curve(-35.03,-25.81,-18.44,-3.69,-51.02,-5.53,-97.73,-5.53);
draw_line(-97.73,-5.53,0,188.07);
draw_line(0,188.07,0,0);
move_pen_rel(-1714.79,-184.39);
draw_curve(-1714.79,-184.39,-39.33,0,-59,8.6,-59,25.81);
draw_curve(-59,25.81,0,12.3,4.92,28.89,14.75,49.79);
draw_curve(14.75,49.79,9.83,20.9,20.9,33.8,33.19,38.72);
draw_line(33.19,38.72,66.38,-88.51);
draw_curve(66.38,-88.51,0,-4.91,-6.15,-10.44,-18.44,-16.59);
draw_curve(-18.44,-16.59,-12.3,-6.15,-24.59,-9.22,-36.88,-9.22);
move_pen_rel(121.69,110.63);
draw_curve(121.69,110.63,0,-12.29,-3.07,-28.89,-9.22,-49.78);
draw_curve(-9.22,-49.78,-6.15,-20.9,-11.68,-32.57,-16.59,-35.04);
draw_curve(-16.59,-35.04,-4.92,17.21,-19.06,38.72,-42.41,64.54);
draw_curve(-42.41,64.54,-23.36,25.81,-38.72,42.41,-46.1,49.79);
draw_curve(-46.1,49.79,7.38,17.21,23.36,25.81,47.94,25.81);
draw_curve(47.94,25.81,17.21,0,32.57,-4.3,46.1,-12.91);
draw_curve(46.1,-12.91,13.52,-8.61,20.28,-22.74,20.28,-42.41);
move_pen_rel(-158.57,232.33);
draw_curve(-158.57,232.33,27.04,-24.58,49.17,-47.33,66.38,-68.22);
draw_curve(66.38,-68.22,17.21,-20.9,25.81,-43.64,25.81,-68.22);
draw_curve(25.81,-68.22,-61.46,22.13,-92.19,67.61,-92.19,136.44);
move_pen_rel(66.38,55.31);
draw_curve(66.38,55.31,44.26,0,74.98,-3.07,92.19,-9.22);
draw_curve(92.19,-9.22,17.21,-6.15,25.81,-26.43,25.81,-60.85);
draw_curve(25.81,-60.85,0,-22.13,-2.46,-38.11,-7.37,-47.94);
draw_curve(-7.37,-47.94,-4.92,-9.83,-19.67,-18.44,-44.25,-25.81);
draw_curve(-44.25,-25.81,-4.92,7.37,-17.21,28.89,-36.88,64.54);
draw_curve(-36.88,64.54,-19.67,35.65,-29.5,62.07,-29.5,79.28);
move_pen_rel(1766.43,-114.32);
draw_curve(1766.43,-114.32,4.91,-4.92,8.6,-7.37,11.06,-7.37);
draw_curve(11.06,-7.37,-4.92,4.92,-8.61,7.37,-11.06,7.37);
move_pen_rel(-44.26,298.71);
draw_curve(-44.26,298.71,51.63,0,85.43,-3.69,101.41,-11.06);
draw_curve(101.41,-11.06,15.98,-7.38,23.97,-29.5,23.97,-66.38);
draw_curve(23.97,-66.38,0,-39.33,-7.38,-78.67,-22.13,-118.01);
draw_curve(-22.13,-118.01,-68.83,56.55,-103.26,121.7,-103.26,195.45);
move_pen_rel(-1655.79,-147.51);
draw_curve(-1655.79,-147.51,-34.42,0,-65.15,10.45,-92.19,31.35);
draw_curve(-92.19,31.35,-27.04,20.9,-40.57,48.56,-40.57,82.97);
draw_curve(-40.57,82.97,0,29.5,12.29,44.26,36.88,44.26);
draw_curve(36.88,44.26,19.67,0,44.25,-21.51,73.76,-64.54);
draw_curve(73.76,-64.54,29.5,-43.02,45.48,-65.76,47.94,-68.22);
draw_curve(47.94,-68.22,0,-4.92,-3.07,-10.45,-9.22,-16.59);
draw_curve(-9.22,-16.59,-6.15,-6.15,-11.68,-9.22,-16.59,-9.22);
move_pen_rel(25.81,206.52);
draw_line(25.81,206.52,25.81,-110.63);
draw_line(25.81,-110.63,-25.81,0);
draw_curve(-25.81,0,-41.79,63.92,-72.52,100.8,-92.19,110.63);
draw_line(-92.19,110.63,92.19,0);
draw_line(92.19,0,0,0);
move_pen_rel(1637.35,66.38);
draw_curve(1637.35,66.38,17.21,0,36.26,-10.45,57.16,-31.35);
draw_curve(57.16,-31.35,20.9,-20.9,33.81,-32.57,38.72,-35.03);
draw_line(38.72,-35.03,-36.87,-3.69);
draw_curve(-36.87,-3.69,-22.13,0,-38.72,3.07,-49.79,9.22);
draw_curve(-49.79,9.22,-11.06,6.15,-20.28,19.05,-27.66,38.72);
draw_curve(-27.66,38.72,0,4.92,2.46,9.83,7.38,14.75);
draw_curve(7.38,14.75,4.92,4.92,8.6,7.38,11.06,7.38);
move_pen_rel(70.07,114.32);
draw_curve(70.07,114.32,34.42,0,55.93,-10.45,64.54,-31.35);
draw_curve(64.54,-31.35,8.6,-20.9,12.91,-51.01,12.91,-90.35);
draw_curve(12.91,-90.35,-29.5,0,-56.54,15.98,-81.13,47.94);
draw_curve(-81.13,47.94,-24.59,31.96,-38.11,49.17,-40.57,51.63);
draw_curve(-40.57,51.63,2.46,14.75,17.21,22.13,44.26,22.13);
move_pen_rel(-1840.18,44.25);
draw_curve(-1840.18,44.25,9.83,-7.37,27.04,-19.67,51.63,-36.88);
draw_curve(51.63,-36.88,24.59,-17.21,43.02,-35.03,55.32,-53.47);
draw_curve(55.32,-53.47,12.29,-18.44,20.9,-41.18,25.81,-68.22);
draw_line(25.81,-68.22,-51.63,-3.69);
draw_line(-51.63,-3.69,-14.75,0);
draw_curve(-14.75,0,-61.46,0,-92.19,15.98,-92.19,47.94);
draw_curve(-92.19,47.94,0,9.83,1.84,27.66,5.53,53.47);
draw_curve(5.53,53.47,3.69,25.81,10.45,46.09,20.28,60.85);
move_pen_rel(18.44,136.44);
draw_curve(18.44,136.44,4.92,0,25.2,-1.84,60.85,-5.53);
draw_curve(60.85,-5.53,35.65,-3.69,53.47,-16.59,53.47,-38.72);
draw_curve(53.47,-38.72,0,-9.83,-1.84,-30.11,-5.53,-60.85);
draw_curve(-5.53,-60.85,-3.69,-30.73,-10.45,-57.16,-20.28,-79.29);
draw_curve(-20.28,-79.29,-56.55,49.17,-92.19,103.26,-106.94,162.26);
draw_curve(-106.94,162.26,0,2.46,6.15,9.83,18.44,22.13);
move_pen_rel(730.17,114.32);
draw_curve(730.17,114.32,9.83,0,22.13,-3.07,36.88,-9.22);
draw_curve(36.88,-9.22,14.75,-6.15,24.59,-9.22,29.5,-9.22);
draw_line(29.5,-9.22,0,51.63);
draw_curve(0,51.63,164.72,0,301.17,-63.92,409.34,-191.76);
draw_curve(409.34,-191.76,-7.38,-4.92,-17.83,-9.83,-31.35,-14.75);
draw_curve(-31.35,-14.75,-13.52,-4.92,-25.2,-8.61,-35.04,-11.06);
draw_curve(-35.04,-11.06,-44.25,7.37,-81.74,22.74,-112.48,46.09);
draw_curve(-112.48,46.09,-30.73,23.35,-47.32,55.93,-49.78,97.72);
draw_line(-49.78,97.72,-18.44,0);
draw_line(-18.44,0,0,-95.88);
draw_curve(0,-95.88,-24.59,34.42,-55.31,56.55,-92.19,66.38);
draw_line(-92.19,66.38,44.25,-88.51);
draw_curve(44.25,-88.51,0,-4.92,-7.99,-13.52,-23.97,-25.81);
draw_curve(-23.97,-25.81,-15.98,-12.3,-28.89,-18.44,-38.72,-18.44);
draw_curve(-38.72,-18.44,-7.37,31.96,-27.66,58.39,-60.85,79.29);
draw_curve(-60.85,79.29,-33.19,20.9,-52.24,32.57,-57.16,35.03);
draw_curve(-57.16,35.03,-7.37,-14.75,-24.58,-26.43,-51.63,-35.03);
draw_curve(-51.63,-35.03,-27.04,-8.61,-47.94,-12.91,-62.69,-12.91);
draw_line(-62.69,-12.91,0,-25.81);
draw_curve(0,-25.81,-12.29,0,-27.66,4.3,-46.09,12.91);
draw_curve(-46.09,12.91,-18.44,8.61,-32.57,12.91,-42.41,12.91);
draw_curve(-42.41,12.91,-17.21,0,-28.27,-3.69,-33.19,-11.06);
draw_curve(-33.19,-11.06,-4.92,-7.37,-9.83,-11.06,-14.75,-11.06);
draw_curve(-14.75,-11.06,-73.76,0,-161.03,30.73,-261.83,92.19);
draw_curve(-261.83,92.19,-100.8,61.46,-173.33,122.93,-217.58,184.39);
draw_line(-217.58,184.39,-3.69,11.06);
draw_curve(-3.69,11.06,0,4.91,3.69,10.44,11.06,16.59);
draw_curve(11.06,16.59,7.37,6.15,12.29,10.45,14.75,12.91);
draw_curve(14.75,12.91,36.88,0,65.77,-8.61,86.66,-25.81);
draw_curve(86.66,-25.81,20.9,-17.21,41.18,-43.02,60.85,-77.44);
draw_curve(60.85,-77.44,19.67,-31.96,38.11,-55.31,55.31,-70.07);
draw_curve(55.31,-70.07,17.21,-14.75,41.8,-23.35,73.76,-25.81);
draw_line(73.76,-25.81,0,47.94);
draw_curve(0,47.94,73.75,0,141.36,-15.98,202.82,-47.94);
draw_line(202.82,-47.94,0,22.13);
draw_curve(0,22.13,24.59,0,49.78,-4.92,75.6,-14.75);
draw_curve(75.6,-14.75,25.81,-9.83,46.1,-22.13,60.85,-36.88);
draw_curve(60.85,-36.88,-2.46,4.92,-7.37,14.13,-14.75,27.66);
draw_curve(-14.75,27.66,-7.38,13.52,-11.06,30.11,-11.06,49.78);
draw_curve(-11.06,49.78,19.67,0,50.4,-15.98,92.19,-47.94);
draw_curve(92.19,-47.94,0,27.04,8.6,40.57,25.81,40.57);
move_pen_rel(1036.25,-202.83);
draw_curve(1036.25,-202.83,-49.17,0,-86.05,15.98,-110.63,47.94);
draw_curve(-110.63,47.94,-24.59,31.96,-36.88,74.98,-36.88,129.07);
draw_curve(-36.88,129.07,41.8,-27.04,78.06,-62.69,108.79,-106.94);
draw_curve(108.79,-106.94,30.73,-44.25,47.33,-67.61,49.78,-70.07);
draw_line(49.78,-70.07,-11.06,0);
draw_line(-11.06,0,0,0);
move_pen_rel(-442.53,202.83);
draw_curve(-442.53,202.83,125.39,-59,188.07,-121.7,188.07,-188.07);
draw_curve(188.07,-188.07,-14.75,0,-31.96,5.53,-51.63,16.59);
draw_curve(-51.63,16.59,-19.67,11.06,-35.65,16.59,-47.94,16.59);
draw_curve(-47.94,16.59,-12.29,0,-21.51,-1.84,-27.66,-5.53);
draw_curve(-27.66,-5.53,-6.15,-3.69,-12.91,-11.68,-20.28,-23.97);
draw_curve(-20.28,-23.97,-17.21,31.96,-28.89,58.39,-35.04,79.28);
draw_curve(-35.04,79.28,-6.15,20.9,-9.22,44.87,-9.22,71.91);
draw_line(-9.22,71.91,3.69,33.19);
draw_line(3.69,33.19,0,0);
move_pen_rel(567.91,-184.39);
draw_curve(567.91,-184.39,-39.34,27.04,-72.53,54.09,-99.57,81.13);
draw_curve(-99.57,81.13,-27.04,27.04,-40.56,55.31,-40.56,84.81);
draw_curve(-40.56,84.81,49.17,0,85.43,-6.76,108.79,-20.28);
draw_curve(108.79,-20.28,23.35,-13.52,35.03,-41.18,35.03,-82.97);
draw_line(35.03,-82.97,-3.69,-62.69);
draw_line(-3.69,-62.69,0,0);
move_pen_rel(-368.78,210.2);
draw_curve(-368.78,210.2,4.92,0,15.37,-19.67,31.35,-59);
draw_curve(31.35,-59,15.98,-39.34,23.97,-67.61,23.97,-84.82);
draw_curve(23.97,-84.82,0,-12.29,-1.85,-20.9,-5.53,-25.81);
draw_curve(-5.53,-25.81,-3.69,-4.92,-11.68,-9.83,-23.97,-14.75);
draw_curve(-23.97,-14.75,-9.83,19.67,-31.96,45.48,-66.38,77.44);
draw_curve(-66.38,77.44,-19.67,17.21,-36.88,35.65,-51.63,55.31);
draw_curve(-51.63,55.31,-14.75,19.67,-22.13,36.88,-22.13,51.63);
draw_line(-22.13,51.63,114.32,0);
draw_line(114.32,0,0,0);
move_pen_rel(-449.9,0);
draw_curve(-449.9,0,63.92,0,110.02,-4.3,138.29,-12.91);
draw_curve(138.29,-12.91,28.27,-8.61,42.41,-36.26,42.41,-82.97);
draw_line(42.41,-82.97,-3.69,-44.26);
draw_curve(-3.69,-44.26,-68.84,27.04,-127.84,73.76,-177.01,140.13);
move_pen_rel(-958.81,-118);
draw_curve(-958.81,-118,-41.79,2.46,-74.98,15.36,-99.57,38.72);
draw_curve(-99.57,38.72,-24.59,23.35,-36.88,44.87,-36.88,64.54);
draw_line(-36.88,64.54,3.69,55.31);
draw_line(3.69,55.31,132.76,-136.44);
draw_line(132.76,-136.44,0,-22.13);
draw_line(0,-22.13,0,0);
move_pen_rel(1692.67,254.45);
draw_curve(1692.67,254.45,44.25,0,77.44,-7.38,99.57,-22.13);
draw_curve(99.57,-22.13,22.13,-14.75,33.19,-43.02,33.19,-84.82);
draw_curve(33.19,-84.82,0,-4.92,-3.07,-11.06,-9.22,-18.44);
draw_curve(-9.22,-18.44,-6.15,-7.37,-12.91,-11.06,-20.28,-11.06);
draw_curve(-20.28,-11.06,-31.96,0,-84.82,36.88,-158.57,110.63);
draw_curve(-158.57,110.63,7.37,17.21,25.81,25.81,55.31,25.81);
move_pen_rel(-1722.17,84.81);
draw_curve(-1722.17,84.81,2.46,-7.37,8.61,-20.28,18.44,-38.72);
draw_curve(18.44,-38.72,9.83,-18.44,22.13,-35.03,36.88,-49.78);
draw_curve(36.88,-49.78,-86.05,12.29,-147.51,41.8,-184.39,88.5);
draw_curve(-184.39,88.5,7.37,24.59,15.98,54.7,25.81,90.35);
draw_curve(25.81,90.35,9.83,35.65,15.98,62.08,18.44,79.29);
draw_curve(18.44,79.29,0,4.92,-3.07,11.68,-9.22,20.28);
draw_curve(-9.22,20.28,-6.15,8.6,-9.22,15.36,-9.22,20.28);
draw_line(-9.22,20.28,0,158.57);
draw_curve(0,158.57,0,14.75,14.13,26.43,42.41,35.03);
draw_curve(42.41,35.03,28.27,8.61,49.78,12.91,64.54,12.91);
draw_line(64.54,12.91,0,-92.19);
draw_line(0,-92.19,-40.57,18.44);
draw_curve(-40.57,18.44,29.5,-44.25,48.56,-78.06,57.16,-101.41);
draw_curve(57.16,-101.41,8.6,-23.35,12.91,-60.85,12.91,-112.48);
draw_curve(12.91,-112.48,0,-51.63,-11.06,-94.65,-33.19,-129.07);
move_pen_rel(1556.22,51.63);
draw_curve(1556.22,51.63,0,9.83,4.3,27.04,12.91,51.63);
draw_curve(12.91,51.63,8.6,24.58,12.91,40.56,12.91,47.94);
draw_curve(12.91,47.94,44.25,0,95.88,-63.92,154.89,-191.76);
draw_line(154.89,-191.76,-44.26,-3.69);
draw_curve(-44.26,-3.69,-29.5,0,-59.62,8.61,-90.35,25.81);
draw_curve(-90.35,25.81,-30.73,17.21,-46.1,40.57,-46.1,70.07);
move_pen_rel(92.19,162.26);
draw_curve(92.19,162.26,46.71,0,92.81,-16.59,138.29,-49.78);
draw_curve(138.29,-49.78,45.48,-33.19,68.22,-70.68,68.22,-112.48);
draw_curve(68.22,-112.48,0,-12.29,-2.46,-27.66,-7.38,-46.1);
draw_curve(-7.38,-46.1,-4.92,-18.44,-12.29,-33.8,-22.13,-46.09);
draw_curve(-22.13,-46.09,0,7.37,-40.56,60.23,-121.69,158.57);
draw_curve(-121.69,158.57,-14.75,17.21,-27.04,31.96,-36.88,44.25);
draw_curve(-36.88,44.25,-9.83,12.3,-15.98,19.67,-18.44,22.13);
draw_line(-18.44,22.13,0,29.5);
draw_line(0,29.5,0,0);
move_pen_rel(165.95,-7.37);
draw_curve(165.95,-7.37,-66.38,0,-121.08,13.52,-164.1,40.56);
draw_curve(-164.1,40.56,-43.02,27.04,-64.54,70.07,-64.54,129.07);
draw_curve(-64.54,129.07,36.87,0,84.2,-19.05,141.98,-57.16);
draw_curve(141.98,-57.16,57.78,-38.11,86.66,-75.6,86.66,-112.47);
move_pen_rel(-191.76,228.64);
draw_curve(-191.76,228.64,59,0,108.18,-6.76,147.51,-20.28);
draw_curve(147.51,-20.28,39.33,-13.52,59,-43.64,59,-90.35);
draw_line(59,-90.35,-3.69,-47.94);
draw_curve(-3.69,-47.94,-56.54,22.13,-124.15,74.98,-202.83,158.57);
move_pen_rel(-1607.85,11.06);
draw_curve(-1607.85,11.06,-46.71,0,-78.67,4.3,-95.88,12.91);
draw_curve(-95.88,12.91,-17.21,8.61,-27.04,21.51,-29.5,38.72);
draw_curve(-29.5,38.72,-2.46,17.21,-3.69,57.77,-3.69,121.69);
draw_curve(-3.69,121.69,46.71,0,79.9,-16.59,99.57,-49.78);
draw_curve(99.57,-49.78,19.67,-33.19,29.5,-74.37,29.5,-123.54);
move_pen_rel(1607.85,169.63);
draw_curve(1607.85,169.63,29.5,0,62.08,-17.21,97.73,-51.63);
draw_curve(97.73,-51.63,35.65,-34.42,64.54,-70.07,86.66,-106.94);
draw_line(86.66,-106.94,-25.81,0);
draw_curve(-25.81,0,-31.96,0,-70.07,4.3,-114.32,12.91);
draw_curve(-114.32,12.91,-44.26,8.6,-66.38,22.74,-66.38,42.41);
draw_curve(-66.38,42.41,0,12.3,2.46,28.89,7.38,49.79);
draw_curve(7.38,49.79,4.92,20.89,9.83,38.72,14.75,53.47);
move_pen_rel(184.39,-92.19);
draw_curve(184.39,-92.19,-100.8,86.05,-153.66,133.99,-158.57,143.82);
draw_line(-158.57,143.82,44.25,0);
draw_curve(44.25,0,76.22,0,114.32,-8.61,114.32,-25.81);
draw_line(114.32,-25.81,0,-118.01);
draw_line(0,-118.01,0,0);
move_pen_rel(-1910.24,361.4);
draw_curve(-1910.24,361.4,93.42,0,140.13,-98.34,140.13,-295.02);
draw_curve(140.13,-295.02,-2.46,2.46,-23.97,14.75,-64.54,36.88);
draw_curve(-64.54,36.88,-40.57,22.13,-60.85,40.56,-60.85,55.31);
draw_curve(-60.85,55.31,0,0,0,0.61,0,1.84);
draw_curve(0,1.84,0,1.23,1.23,1.84,3.69,1.84);
draw_line(3.69,1.84,22.13,44.26);
draw_line(22.13,44.26,-40.56,25.81);
draw_line(-40.56,25.81,0,129.07);
draw_line(0,129.07,0,0);
move_pen_rel(1762.73,-59);
draw_curve(1762.73,-59,24.59,0,53.47,-16.59,86.66,-49.78);
draw_curve(86.66,-49.78,33.19,-33.19,53.47,-63.31,60.85,-90.35);
draw_curve(60.85,-90.35,-22.13,0,-55.32,4.92,-99.57,14.75);
draw_curve(-99.57,14.75,-44.25,9.83,-79.9,14.75,-106.94,14.75);
draw_curve(-106.94,14.75,0,19.67,4.3,43.02,12.91,70.07);
draw_curve(12.91,70.07,8.6,27.04,23.97,40.56,46.09,40.56);
move_pen_rel(103.26,0);
draw_curve(103.26,0,14.75,0,26.43,-5.53,35.04,-16.59);
draw_curve(35.04,-16.59,8.61,-11.06,12.91,-23.97,12.91,-38.72);
draw_curve(12.91,-38.72,-14.75,0,-25.81,4.3,-33.19,12.91);
draw_curve(-33.19,12.91,-7.37,8.6,-12.29,22.74,-14.75,42.41);
move_pen_rel(682.23,-2334.33);
draw_curve(682.23,-2334.33,2.46,-4.92,28.28,-10.45,77.44,-16.59);
draw_curve(77.44,-16.59,49.17,-6.15,90.96,-9.22,125.38,-9.22);
draw_curve(125.38,-9.22,19.67,0,43.64,5.53,71.91,16.59);
draw_curve(71.91,16.59,28.27,11.06,42.41,21.51,42.41,31.35);
draw_line(42.41,31.35,0,272.89);
draw_curve(0,272.89,0,31.96,-22.13,47.94,-66.38,47.94);
draw_curve(-66.38,47.94,-59,0,-123.54,-4.92,-193.61,-14.75);
draw_curve(-193.61,-14.75,-70.07,-9.83,-105.1,-28.27,-105.1,-55.31);
draw_line(-105.1,-55.31,0,-232.33);
draw_line(0,-232.33,47.94,-40.57);
draw_line(47.94,-40.57,0,0);
move_pen_rel(33.19,88.5);
draw_curve(33.19,88.5,0,24.59,4.92,49.79,14.75,75.6);
draw_curve(14.75,75.6,9.83,25.81,25.81,38.72,47.94,38.72);
draw_curve(47.94,38.72,44.25,0,75.6,-3.69,94.04,-11.06);
draw_curve(94.04,-11.06,18.44,-7.38,27.66,-25.81,27.66,-55.32);
draw_curve(27.66,-55.32,0,-12.29,-4.92,-28.27,-14.75,-47.94);
draw_curve(-14.75,-47.94,-7.37,2.46,-16.59,7.38,-27.66,14.75);
draw_curve(-27.66,14.75,-11.06,7.38,-23.97,11.06,-38.72,11.06);
draw_line(-38.72,11.06,25.81,-25.81);
draw_line(25.81,-25.81,-129.07,0);
draw_line(-129.07,0,0,0);
move_pen_rel(11.07,2341.71);
draw_curve(11.07,2341.71,-4.92,-17.21,-15.98,-38.11,-33.19,-62.69);
draw_curve(-33.19,-62.69,-17.21,-24.59,-28.27,-47.94,-33.19,-70.07);
draw_curve(-33.19,-70.07,-34.42,-142.59,-56.54,-291.94,-66.38,-448.06);
draw_curve(-66.38,-448.06,-9.83,-156.11,-14.75,-341.12,-14.75,-555);
draw_line(-14.75,-555,0,-118.01);
draw_curve(0,-118.01,0,-154.89,13.52,-272.89,40.57,-354.02);
draw_curve(40.57,-354.02,27.04,-81.13,86.05,-121.69,177.01,-121.69);
draw_curve(177.01,-121.69,90.96,0,153.04,38.72,186.23,116.16);
draw_curve(186.23,116.16,33.19,77.44,49.78,177.63,49.78,300.55);
draw_curve(49.78,300.55,0,135.22,-9.83,283.96,-29.5,446.22);
draw_curve(-29.5,446.22,-17.21,125.38,-25.81,236.01,-25.81,331.89);
draw_curve(-25.81,331.89,0,61.46,4.92,151.2,14.75,269.2);
draw_curve(14.75,269.2,2.46,29.5,4.92,65.15,7.37,106.94);
draw_curve(7.37,106.94,2.46,41.8,3.69,90.96,3.69,147.51);
draw_curve(3.69,147.51,0,39.33,-15.98,59,-47.94,59);
draw_curve(-47.94,59,-29.5,-4.92,-67,-12.29,-112.48,-22.13);
draw_curve(-112.48,-22.13,-45.48,-9.83,-84.2,-18.44,-116.16,-25.81);
move_pen_rel(36.87,-1497.22);
draw_curve(36.87,-1497.22,98.34,0,147.51,-14.75,147.51,-44.25);
draw_curve(147.51,-44.25,0,-29.5,-3.07,-49.17,-9.22,-59);
draw_curve(-9.22,-59,-6.15,-9.83,-17.82,-14.75,-35.04,-14.75);
draw_curve(-35.04,-14.75,-4.91,0,-15.98,4.3,-33.19,12.91);
draw_curve(-33.19,12.91,-17.21,8.61,-29.5,12.91,-36.88,12.91);
draw_curve(-36.88,12.91,-4.91,0,-11.06,-4.3,-18.44,-12.91);
draw_curve(-18.44,-12.91,-7.37,-8.6,-17.21,-12.91,-29.5,-12.91);
draw_curve(-29.5,-12.91,-17.21,0,-30.12,3.07,-38.72,9.22);
draw_curve(-38.72,9.22,-8.6,6.15,-17.82,19.05,-27.66,38.72);
draw_curve(-27.66,38.72,19.67,19.67,38.11,29.5,55.32,29.5);
draw_line(55.32,29.5,11.06,-3.69);
draw_line(11.06,-3.69,-22.13,44.25);
draw_line(-22.13,44.25,36.87,0);
draw_line(36.87,0,0,0);
move_pen_rel(-84.81,106.94);
draw_curve(-84.81,106.94,0,4.92,3.07,10.45,9.22,16.59);
draw_curve(9.22,16.59,6.15,6.15,11.68,9.22,16.59,9.22);
draw_curve(16.59,9.22,22.13,0,49.17,-16.59,81.13,-49.78);
draw_curve(81.13,-49.78,31.96,-33.19,51.63,-53.47,59,-60.85);
draw_line(59,-60.85,-14.75,0);
draw_curve(-14.75,0,-19.67,0,-49.17,6.15,-88.51,18.44);
draw_curve(-88.51,18.44,-39.33,12.3,-59,33.19,-59,62.69);
draw_line(-59,62.69,-3.69,3.69);
draw_line(-3.69,3.69,0,0);
move_pen_rel(239.7,-77.44);
draw_curve(239.7,-77.44,-63.92,0,-127.84,56.55,-191.76,169.64);
draw_curve(-191.76,169.64,34.42,-12.3,73.75,-18.44,118,-18.44);
draw_curve(118,-18.44,22.13,0,38.11,-2.46,47.94,-7.37);
draw_curve(47.94,-7.37,9.83,-4.92,16.59,-17.82,20.28,-38.72);
draw_curve(20.28,-38.72,3.69,-20.9,5.53,-55.93,5.53,-105.1);
move_pen_rel(-236.02,306.08);
draw_curve(-236.02,306.08,0,4.92,3.07,10.45,9.22,16.59);
draw_curve(9.22,16.59,6.15,6.15,10.45,9.22,12.91,9.22);
draw_curve(12.91,9.22,54.09,-29.5,106.94,-73.76,158.57,-132.76);
draw_line(158.57,-132.76,-33.19,-3.69);
draw_curve(-33.19,-3.69,-39.34,0,-73.76,9.22,-103.26,27.66);
draw_curve(-103.26,27.66,-29.5,18.44,-44.26,46.09,-44.26,82.97);
move_pen_rel(228.64,-84.82);
draw_curve(228.64,-84.82,-66.38,34.42,-111.86,78.67,-136.45,132.76);
draw_line(-136.45,132.76,33.19,3.69);
draw_curve(33.19,3.69,17.21,0,38.72,-1.85,64.53,-5.53);
draw_curve(64.53,-5.53,25.81,-3.69,38.72,-10.45,38.72,-20.28);
draw_line(38.72,-20.28,0,-110.63);
draw_line(0,-110.63,0,0);
move_pen_rel(-136.45,342.96);
draw_curve(-136.45,342.96,110.63,0,165.95,-54.09,165.95,-162.26);
draw_line(165.95,-162.26,-29.5,0);
draw_line(-29.5,0,-136.45,136.44);
draw_line(-136.45,136.44,0,25.81);
draw_line(0,25.81,0,0);
move_pen_rel(0,-143.82);
draw_curve(0,-143.82,-49.17,0,-73.75,20.9,-73.75,62.69);
draw_line(-73.75,62.69,3.69,36.88);
draw_line(3.69,36.88,92.19,-95.88);
draw_line(92.19,-95.88,-22.13,-3.69);
draw_line(-22.13,-3.69,0,0);
move_pen_rel(47.94,180.7);
draw_curve(47.94,180.7,-31.96,0,-62.69,9.83,-92.19,29.5);
draw_curve(-92.19,29.5,-29.5,19.67,-44.25,44.25,-44.25,73.76);
draw_curve(-44.25,73.76,27.04,0,56.54,-10.45,88.5,-31.35);
draw_curve(88.5,-31.35,31.96,-20.9,47.94,-44.87,47.94,-71.91);
move_pen_rel(62.69,25.81);
draw_curve(62.69,25.81,-9.83,4.92,-36.26,27.04,-79.29,66.38);
draw_curve(-79.29,66.38,-43.02,39.33,-76.83,71.3,-101.41,95.88);
draw_line(-101.41,95.88,180.7,0);
draw_curve(180.7,0,14.75,0,23.97,-15.36,27.66,-46.09);
draw_curve(27.66,-46.09,3.69,-30.73,5.53,-69.45,5.53,-116.17);
draw_line(5.53,-116.17,-33.19,0);
draw_line(-33.19,0,0,0);
move_pen_rel(-180.7,250.77);
draw_curve(-180.7,250.77,0,31.96,7.38,47.94,22.13,47.94);
draw_line(22.13,47.94,118,-92.19);
draw_line(118,-92.19,0,-22.13);
draw_curve(0,-22.13,-93.42,12.29,-140.13,34.42,-140.13,66.38);
move_pen_rel(22.13,143.82);
draw_curve(22.13,143.82,61.46,0,103.87,-12.3,127.22,-36.88);
draw_curve(127.22,-36.88,23.35,-24.59,35.04,-67.61,35.04,-129.07);
draw_line(35.04,-129.07,-25.81,0);
draw_line(-25.81,0,-136.44,136.44);
draw_line(-136.44,136.44,0,29.5);
draw_line(0,29.5,0,0);
move_pen_rel(0,84.81);
draw_curve(0,84.81,0,7.38,2.46,15.37,7.37,23.97);
draw_curve(7.37,23.97,4.92,8.6,9.83,15.37,14.75,20.28);
draw_line(14.75,20.28,95.88,-88.5);
draw_line(95.88,-88.5,-36.87,-3.69);
draw_curve(-36.87,-3.69,-46.71,0,-73.76,15.98,-81.13,47.94);
move_pen_rel(0,206.51);
draw_curve(0,206.51,9.83,27.04,30.11,43.64,60.85,49.79);
draw_curve(60.85,49.79,30.73,6.15,66.99,9.22,108.79,9.22);
draw_curve(108.79,9.22,0,-22.13,-6.76,-41.18,-20.28,-57.16);
draw_curve(-20.28,-57.16,-13.52,-15.98,-20.28,-25.2,-20.28,-27.66);
draw_curve(-20.28,-27.66,0,0,7.38,-3.69,22.13,-11.06);
draw_curve(22.13,-11.06,14.75,-7.38,22.13,-63.92,22.13,-169.64);
draw_line(22.13,-169.64,-55.32,0);
draw_curve(-55.32,0,-4.92,0,-22.74,19.67,-53.47,59);
draw_curve(-53.47,59,-30.73,39.33,-46.09,63.92,-46.09,73.76);
draw_line(-46.09,73.76,0,3.69);
draw_line(0,3.69,99.57,0);
draw_line(99.57,0,-118,70.06);
draw_line(-118,70.06,0,0);
move_pen_rel(2581.41,-1611.54);
draw_curve(2581.41,-1611.54,7.37,0,17.82,5.53,31.34,16.59);
draw_curve(31.34,16.59,13.52,11.06,20.28,20.28,20.28,27.66);
draw_line(20.28,27.66,0,272.89);
draw_line(0,272.89,-25.81,22.13);
draw_curve(-25.81,22.13,-17.21,0,-75.6,0,-175.17,0);
draw_curve(-175.17,0,-99.57,0,-192.38,7.37,-278.43,22.13);
draw_line(-278.43,22.13,3.69,25.81);
draw_curve(3.69,25.81,0,31.96,-8.61,71.3,-25.81,118.01);
draw_curve(-25.81,118.01,-14.75,49.17,-22.13,84.81,-22.13,106.94);
draw_curve(-22.13,106.94,0,4.92,3.07,10.45,9.22,16.59);
draw_curve(9.22,16.59,6.15,6.15,10.45,9.22,12.91,9.22);
draw_line(12.91,9.22,0,383.52);
draw_curve(0,383.52,17.21,17.21,25.81,55.31,25.81,114.32);
draw_line(25.81,114.32,-3.69,92.19);
draw_curve(-3.69,92.19,12.3,2.46,19.67,31.35,22.13,86.67);
draw_curve(22.13,86.67,2.46,55.31,21.51,105.1,57.16,149.35);
draw_curve(57.16,149.35,35.65,44.25,107.56,71.3,215.73,81.13);
draw_curve(215.73,81.13,7.37,0,24.59,1.85,51.63,5.53);
draw_curve(51.63,5.53,27.04,3.69,47.94,12.29,62.69,25.81);
draw_curve(62.69,25.81,14.75,13.52,22.13,33.8,22.13,60.85);
draw_curve(22.13,60.85,0,44.25,-3.69,77.44,-11.06,99.57);
draw_curve(-11.06,99.57,-7.37,22.13,-20.9,49.17,-40.56,81.13);
draw_line(-40.56,81.13,-36.88,66.38);
draw_curve(-36.88,66.38,-41.8,-2.46,-88.5,-11.06,-140.13,-25.81);
draw_curve(-140.13,-25.81,-51.63,-14.75,-100.8,-29.5,-147.51,-44.25);
draw_curve(-147.51,-44.25,-118.01,-39.33,-202.83,-60.23,-254.45,-62.69);
draw_curve(-254.45,-62.69,-49.17,0,-81.75,-53.47,-97.73,-160.41);
draw_curve(-97.73,-160.41,-15.98,-106.94,-23.97,-209.59,-23.97,-307.93);
draw_curve(-23.97,-307.93,0,-68.84,6.15,-133.99,18.44,-195.45);
draw_curve(18.44,-195.45,2.46,-17.21,4.92,-36.87,7.38,-59);
draw_curve(7.38,-59,2.46,-22.13,3.69,-46.71,3.69,-73.76);
draw_curve(3.69,-73.76,0,-118.01,-15.98,-315.92,-47.94,-593.72);
draw_curve(-47.94,-593.72,-22.13,-2.46,-43.64,-6.15,-64.54,-11.06);
draw_curve(-64.54,-11.06,-20.9,-4.92,-38.72,-8.61,-53.47,-11.06);
draw_curve(-53.47,-11.06,-63.92,-17.21,-109.41,-25.81,-136.45,-25.81);
draw_curve(-136.45,-25.81,-12.29,0,-27.04,-17.82,-44.25,-53.47);
draw_curve(-44.25,-53.47,-17.21,-35.65,-25.81,-64.54,-25.81,-86.66);
draw_curve(-25.81,-86.66,0,-49.17,15.98,-81.13,47.94,-95.88);
draw_curve(47.94,-95.88,31.96,-14.75,77.44,-23.35,136.45,-25.81);
draw_curve(136.45,-25.81,31.96,0,55.31,-1.85,70.07,-5.53);
draw_curve(70.07,-5.53,14.75,-3.69,23.35,-11.68,25.81,-23.97);
draw_curve(25.81,-23.97,0,-56.54,4.3,-116.78,12.91,-180.7);
draw_curve(12.91,-180.7,8.6,-63.92,19.05,-102.03,31.35,-114.32);
draw_curve(31.35,-114.32,31.96,12.3,47.94,70.07,47.94,173.33);
draw_line(47.94,173.33,-3.69,99.57);
draw_line(-3.69,99.57,22.13,22.13);
draw_curve(22.13,22.13,4.92,-2.46,33.19,-15.98,84.82,-40.56);
draw_curve(84.82,-40.56,51.63,-24.59,77.44,-46.71,77.44,-66.38);
draw_line(77.44,-66.38,-3.69,-29.5);
draw_curve(-3.69,-29.5,0,-7.38,3.69,-34.42,11.06,-81.13);
draw_curve(11.06,-81.13,7.38,-46.71,11.06,-81.13,11.06,-103.26);
draw_line(11.06,-103.26,-7.37,0);
draw_curve(-7.37,0,-12.29,0,-43.02,11.68,-92.19,35.03);
draw_curve(-92.19,35.03,-49.17,23.35,-76.21,35.04,-81.13,35.04);
draw_curve(-81.13,35.04,12.29,-12.3,43.02,-35.65,92.19,-70.07);
draw_curve(92.19,-70.07,-49.17,-9.83,-87.28,-24.59,-114.32,-44.26);
draw_curve(-114.32,-44.26,22.13,-17.21,44.87,-28.89,68.22,-35.03);
draw_curve(68.22,-35.03,23.36,-6.15,52.24,-10.45,86.66,-12.91);
draw_curve(86.66,-12.91,44.26,0,83.59,-6.15,118.01,-18.44);
draw_curve(118.01,-18.44,0,9.83,7.38,21.51,22.13,35.04);
draw_curve(22.13,35.04,14.75,13.52,22.13,23.97,22.13,31.34);
draw_curve(22.13,31.34,-2.46,9.83,-6.15,23.97,-11.06,42.41);
draw_curve(-11.06,42.41,-4.91,18.44,-8.6,35.04,-11.06,49.79);
draw_curve(-11.06,49.79,0,83.59,8.61,145.05,25.81,184.39);
draw_curve(25.81,184.39,17.21,39.33,43.64,63.92,79.29,73.75);
draw_curve(79.29,73.75,35.65,9.83,91.58,14.75,167.79,14.75);
draw_curve(167.79,14.75,17.21,0,41.8,-3.69,73.76,-11.06);
draw_curve(73.76,-11.06,31.96,-7.37,59,-11.06,81.13,-11.06);
move_pen_rel(-542.1,-118.01);
draw_line(-542.1,-118.01,0,3.69);
draw_line(0,3.69,0,-3.69);
draw_line(0,-3.69,0,0);
move_pen_rel(114.32,228.64);
draw_curve(114.32,228.64,-17.21,-7.37,-40.56,-28.27,-70.07,-62.69);
draw_curve(-70.07,-62.69,-2.46,-2.46,-10.45,-11.68,-23.97,-27.66);
draw_curve(-23.97,-27.66,-13.52,-15.98,-26.43,-23.97,-38.72,-23.97);
draw_curve(-38.72,-23.97,-34.42,0,-51.63,15.98,-51.63,47.94);
draw_line(-51.63,47.94,25.81,0);
draw_curve(25.81,0,-19.67,31.96,-56.54,56.55,-110.63,73.76);
draw_curve(-110.63,73.76,-54.09,17.21,-119.24,31.96,-195.45,44.25);
draw_curve(-195.45,44.25,-27.04,4.92,-51.01,9.83,-71.91,14.75);
draw_curve(-71.91,14.75,-20.9,4.92,-31.35,9.83,-31.35,14.75);
draw_curve(-31.35,14.75,0,14.75,27.66,28.27,82.98,40.56);
draw_curve(82.98,40.56,55.31,12.29,95.26,18.44,119.85,18.44);
draw_line(119.85,18.44,206.51,-162.26);
draw_line(206.51,-162.26,47.94,0);
draw_line(47.94,0,-118.01,114.32);
draw_line(-118.01,114.32,0,22.13);
draw_line(0,22.13,228.64,-114.32);
draw_line(228.64,-114.32,0,0);
move_pen_rel(114.32,0);
draw_curve(114.32,0,-19.67,0,-36.26,5.54,-49.79,16.6);
draw_curve(-49.79,16.6,-13.52,11.06,-27.66,28.89,-42.41,53.47);
draw_curve(-42.41,53.47,12.3,-2.46,32.58,-11.68,60.85,-27.66);
draw_curve(60.85,-27.66,28.27,-15.98,46.09,-30.11,53.47,-42.41);
draw_line(53.47,-42.41,-22.13,0);
draw_line(-22.13,0,0,0);
move_pen_rel(272.89,25.81);
draw_line(272.89,25.81,-110.63,-3.69);
draw_line(-110.63,-3.69,-114.32,3.69);
draw_curve(-114.32,3.69,-19.67,2.46,-47.94,15.37,-84.81,38.72);
draw_curve(-84.81,38.72,-36.88,23.36,-55.32,39.95,-55.32,49.79);
draw_line(-55.32,49.79,0,29.5);
draw_curve(0,29.5,12.3,0,35.65,-9.83,70.07,-29.5);
draw_curve(70.07,-29.5,34.42,-19.67,57.78,-34.42,70.07,-44.26);
draw_line(70.07,-44.26,-47.94,70.07);
draw_curve(-47.94,70.07,29.5,0,71.3,-4.91,125.38,-14.75);
draw_curve(125.38,-14.75,14.75,-2.46,31.96,-4.92,51.63,-7.38);
draw_curve(51.63,-7.38,19.67,-2.46,43.02,-3.69,70.07,-3.69);
draw_line(70.07,-3.69,25.81,-88.51);
draw_line(25.81,-88.51,0,0);
move_pen_rel(-479.41,88.51);
draw_line(-479.41,88.51,0,-22.13);
draw_curve(0,-22.13,-12.29,7.37,-23.97,14.13,-35.03,20.28);
draw_curve(-35.03,20.28,-11.06,6.15,-21.51,12.91,-31.35,20.28);
draw_curve(-31.35,20.28,-78.67,39.33,-118.01,71.3,-118.01,95.88);
draw_line(-118.01,95.88,47.94,0);
draw_line(47.94,0,136.44,-114.32);
draw_line(136.44,-114.32,0,0);
move_pen_rel(-44.25,136.44);
draw_curve(-44.25,136.44,-29.5,0,-55.93,12.91,-79.29,38.72);
draw_curve(-79.29,38.72,-23.35,25.81,-35.03,49.78,-35.03,71.91);
draw_line(-35.03,71.91,0,18.44);
draw_curve(0,18.44,0,34.42,7.37,52.86,22.13,55.31);
draw_curve(22.13,55.31,27.04,-19.67,49.78,-43.64,68.22,-71.91);
draw_curve(68.22,-71.91,18.44,-28.27,27.66,-57.16,27.66,-86.66);
draw_line(27.66,-86.66,-3.69,-25.81);
draw_line(-3.69,-25.81,0,0);
move_pen_rel(118.01,1150.57);
draw_curve(118.01,1150.57,0,-22.13,-8.61,-33.19,-25.81,-33.19);
draw_line(-25.81,-33.19,-33.19,3.69);
draw_line(-33.19,3.69,11.06,-140.13);
draw_curve(11.06,-140.13,-4.92,-41.8,-12.29,-85.43,-22.13,-130.92);
draw_curve(-22.13,-130.92,-9.83,-45.48,-17.21,-78.06,-22.13,-97.72);
draw_line(-22.13,-97.72,-25.81,-22.13);
draw_line(-25.81,-22.13,25.81,-22.13);
draw_line(25.81,-22.13,3.69,-84.82);
draw_curve(3.69,-84.82,0,-56.54,-4.92,-133.98,-14.75,-232.33);
draw_curve(-14.75,-232.33,-12.29,-86.05,-18.44,-165.94,-18.44,-239.7);
draw_curve(-18.44,-239.7,-29.5,0,-51.63,17.82,-66.38,53.47);
draw_curve(-66.38,53.47,-14.75,35.65,-22.13,70.68,-22.13,105.1);
draw_curve(-22.13,105.1,0,34.42,3.69,54.7,11.06,60.85);
draw_curve(11.06,60.85,7.37,6.15,11.06,11.68,11.06,16.59);
draw_curve(11.06,16.59,0,9.83,-4.3,20.9,-12.91,33.19);
draw_curve(-12.91,33.19,-8.61,12.29,-12.91,29.5,-12.91,51.63);
draw_curve(-12.91,51.63,0,51.63,12.3,77.44,36.88,77.44);
draw_line(36.88,77.44,7.38,0);
draw_curve(7.38,0,-9.83,9.83,-19.06,31.96,-27.66,66.38);
draw_curve(-27.66,66.38,-8.6,34.42,-12.91,65.15,-12.91,92.19);
draw_curve(-12.91,92.19,17.21,0,25.81,6.15,25.81,18.44);
draw_curve(25.81,18.44,0,9.83,-8.61,26.43,-25.81,49.79);
draw_curve(-25.81,49.79,-17.21,23.35,-25.81,36.26,-25.81,38.72);
draw_curve(-25.81,38.72,0,29.5,6.15,56.54,18.44,81.13);
draw_curve(18.44,81.13,12.29,24.58,18.44,41.8,18.44,51.63);
draw_curve(18.44,51.63,0,19.67,-11.06,45.48,-33.19,77.44);
draw_curve(-33.19,77.44,2.46,7.37,8.61,20.28,18.44,38.72);
draw_curve(18.44,38.72,9.83,18.44,18.44,27.66,25.81,27.66);
draw_curve(25.81,27.66,14.75,0,32.57,-2.46,53.47,-7.37);
draw_curve(53.47,-7.37,20.9,-4.92,35.04,-9.83,42.41,-14.75);
draw_curve(42.41,-14.75,-9.83,14.75,-28.89,29.5,-57.16,44.25);
draw_curve(-57.16,44.25,-28.27,14.75,-48.56,23.36,-60.85,25.81);
draw_curve(-60.85,25.81,0,115.55,71.3,173.32,213.89,173.32);
draw_curve(213.89,173.32,0,51.63,18.44,77.44,55.31,77.44);
draw_curve(55.31,77.44,12.29,0,25.81,-4.3,40.56,-12.91);
draw_curve(40.56,-12.91,14.75,-8.61,25.81,-20.28,33.19,-35.03);
draw_curve(33.19,-35.03,4.91,0,8.6,1.84,11.06,5.53);
draw_curve(11.06,5.53,2.46,3.69,6.15,5.53,11.06,5.53);
draw_line(11.06,5.53,0,40.56);
draw_curve(0,40.56,59,0,111.86,-31.96,158.57,-95.88);
draw_curve(158.57,-95.88,-4.92,-29.5,-57.78,-44.25,-158.57,-44.25);
draw_curve(-158.57,-44.25,-9.83,0,-21.51,2.46,-35.04,7.38);
draw_curve(-35.04,7.38,-13.52,4.91,-25.2,9.83,-35.03,14.75);
draw_curve(-35.03,14.75,2.46,-2.46,3.69,-7.37,3.69,-14.75);
draw_curve(3.69,-14.75,0,-14.75,-13.52,-27.66,-40.56,-38.72);
draw_curve(-40.56,-38.72,-27.04,-11.06,-47.94,-16.59,-62.69,-16.59);
draw_curve(-62.69,-16.59,-14.75,0,-35.03,3.69,-60.85,11.06);
draw_curve(-60.85,11.06,-25.81,7.38,-47.33,11.06,-64.54,11.06);
draw_curve(-64.54,11.06,4.92,-9.83,25.81,-22.74,62.69,-38.72);
draw_curve(62.69,-38.72,36.87,-15.98,61.46,-26.43,73.75,-31.35);
draw_line(73.75,-31.35,3.69,-7.37);
draw_line(3.69,-7.37,0,0);
move_pen_rel(-162.26,-604.79);
draw_line(-162.26,-604.79,-7.37,3.69);
draw_line(-7.37,3.69,7.37,-3.69);
draw_line(7.37,-3.69,0,0);
move_pen_rel(508.91,866.62);
draw_curve(508.91,866.62,0,-39.34,-11.06,-62.69,-33.19,-70.07);
draw_curve(-33.19,-70.07,-12.29,7.37,-23.97,17.82,-35.03,31.34);
draw_curve(-35.03,31.34,-11.07,13.52,-16.6,26.43,-16.6,38.72);
draw_line(-16.6,38.72,84.82,0);
draw_line(84.82,0,0,0);
move_pen_abs(33070.1,17162.51);
draw_curve(33070.1,17162.51,-4.92,0,-9.83,1.84,-14.75,5.53);
draw_curve(-14.75,5.53,-4.92,3.69,-7.37,7.99,-7.37,12.91);
draw_curve(-7.37,12.91,0,7.38,7.37,39.34,22.13,95.88);
draw_curve(22.13,95.88,14.75,56.54,22.13,100.8,22.13,132.76);
draw_curve(22.13,132.76,0,27.04,-21.51,44.25,-64.54,51.63);
draw_curve(-64.54,51.63,-43.02,7.38,-90.96,11.68,-143.82,12.91);
draw_curve(-143.82,12.91,-52.85,1.23,-79.28,3.07,-79.28,5.53);
draw_curve(-79.28,5.53,-4.92,-2.46,-14.75,-8.61,-29.5,-18.44);
draw_curve(-29.5,-18.44,-14.75,-9.83,-22.13,-18.44,-22.13,-25.81);
draw_line(-22.13,-25.81,0,-730.17);
draw_curve(0,-730.17,0,-113.09,-3.69,-216.35,-11.06,-309.77);
draw_curve(-11.06,-309.77,-7.37,-93.43,-25.81,-172.09,-55.31,-236.02);
draw_line(-55.31,-236.02,-3.69,0);
draw_curve(-3.69,0,-12.29,0,-52.24,-20.28,-119.85,-60.85);
draw_curve(-119.85,-60.85,-67.61,-40.57,-103.87,-65.76,-108.79,-75.6);
draw_curve(-108.79,-75.6,0,2.46,-39.95,10.45,-119.85,23.97);
draw_curve(-119.85,23.97,-79.9,13.52,-156.11,38.11,-228.64,73.76);
draw_curve(-228.64,73.76,-72.52,35.65,-114.93,86.66,-127.22,153.04);
draw_curve(-127.22,153.04,-4.92,27.04,-9.83,61.46,-14.75,103.26);
draw_curve(-14.75,103.26,-4.92,41.8,-7.37,76.21,-7.37,103.26);
draw_curve(-7.37,103.26,-4.92,59,-7.38,105.72,-7.38,140.13);
draw_curve(-7.38,140.13,-14.75,196.68,-22.13,345.42,-22.13,446.22);
draw_curve(-22.13,446.22,0,61.46,1.23,106.94,3.69,136.44);
draw_line(3.69,136.44,-22.13,22.13);
draw_curve(-22.13,22.13,4.92,7.38,17.82,26.43,38.72,57.16);
draw_curve(38.72,57.16,20.9,30.73,31.35,59.62,31.35,86.66);
draw_curve(31.35,86.66,0,14.75,-3.69,29.5,-11.06,44.25);
draw_curve(-11.06,44.25,-7.38,14.75,-19.67,22.13,-36.88,22.13);
draw_line(-36.88,22.13,-269.2,0);
draw_curve(-269.2,0,-7.37,-14.75,-19.06,-23.35,-35.04,-25.81);
draw_curve(-35.04,-25.81,-15.98,-2.46,-26.43,-9.83,-31.34,-22.13);
draw_line(-31.34,-22.13,-3.69,-302.39);
draw_curve(-3.69,-302.39,0,-164.72,12.29,-411.8,36.88,-741.23);
draw_curve(36.88,-741.23,2.46,-39.33,8.6,-137.67,18.44,-295.02);
draw_curve(18.44,-295.02,9.83,-157.35,14.75,-303.63,14.75,-438.84);
draw_curve(14.75,-438.84,0,-54.09,-1.23,-117.39,-3.69,-189.92);
draw_curve(-3.69,-189.92,-2.46,-72.52,-4.92,-128.46,-7.37,-167.79);
draw_curve(-7.37,-167.79,-9.83,-162.26,-14.75,-283.96,-14.75,-365.09);
draw_line(-14.75,-365.09,272.89,0);
draw_line(272.89,0,47.94,22.13);
draw_line(47.94,22.13,0,191.76);
draw_curve(0,191.76,0,415.48,7.37,623.22,22.13,623.22);
draw_line(22.13,623.22,22.13,47.94);
draw_curve(22.13,47.94,81.13,-27.04,175.17,-52.85,282.11,-77.44);
draw_curve(282.11,-77.44,106.94,-24.59,191.15,-36.88,252.61,-36.88);
draw_curve(252.61,-36.88,110.63,0,212.04,35.04,304.24,105.1);
draw_curve(304.24,105.1,92.19,70.07,164.72,159.19,217.57,267.36);
draw_curve(217.57,267.36,52.86,108.17,79.29,215.12,79.29,320.83);
draw_curve(79.29,320.83,0,61.46,-4.92,130.3,-14.75,206.51);
draw_curve(-14.75,206.51,-9.83,76.21,-15.98,125.38,-18.44,147.51);
draw_curve(-18.44,147.51,-24.59,162.26,-36.88,285.19,-36.88,368.77);
draw_curve(-36.88,368.77,0,39.34,1.23,68.84,3.69,88.51);
move_pen_rel(-1250.14,-2183.14);
draw_curve(-1250.14,-2183.14,-17.21,0,-36.88,4.92,-59,14.75);
draw_curve(-59,14.75,-22.13,9.83,-33.19,18.44,-33.19,25.81);
draw_curve(-33.19,25.81,0,36.88,12.29,99.57,36.88,188.07);
draw_curve(36.88,188.07,19.67,78.67,29.5,129.07,29.5,151.2);
draw_curve(29.5,151.2,0,7.37,-2.46,15.98,-7.37,25.81);
draw_curve(-7.37,25.81,-4.92,9.83,-9.83,17.21,-14.75,22.13);
draw_line(-14.75,22.13,0,365.08);
draw_line(0,365.08,22.13,22.13);
draw_curve(22.13,22.13,-9.83,0,-17.82,12.3,-23.97,36.88);
draw_curve(-23.97,36.88,-6.15,24.59,-9.22,50.4,-9.22,77.44);
draw_line(-9.22,77.44,59,0);
draw_curve(59,0,-36.88,27.04,-55.31,51.63,-55.31,73.75);
draw_curve(-55.31,73.75,14.75,0,36.26,-6.76,64.54,-20.28);
draw_curve(64.54,-20.28,28.27,-13.52,47.33,-23.97,57.16,-31.35);
draw_curve(57.16,-31.35,0,-19.67,-4.92,-46.71,-14.75,-81.13);
draw_curve(-14.75,-81.13,-9.83,-34.42,-19.67,-52.86,-29.5,-55.32);
draw_curve(-29.5,-55.32,2.46,-4.91,6.15,-14.75,11.06,-29.5);
draw_curve(11.06,-29.5,4.92,-14.75,8.61,-28.27,11.06,-40.57);
draw_curve(11.06,-40.57,0,-31.96,-4.91,-77.44,-14.75,-136.44);
draw_curve(-14.75,-136.44,-12.3,-54.09,-18.44,-105.71,-18.44,-154.89);
draw_line(-18.44,-154.89,-11.06,0);
draw_curve(-11.06,0,12.3,-22.13,19.67,-42.41,22.13,-60.85);
draw_curve(22.13,-60.85,2.46,-18.44,3.69,-44.87,3.69,-79.28);
draw_curve(3.69,-79.28,0,-41.8,-4.3,-65.77,-12.91,-71.91);
draw_curve(-12.91,-71.91,-8.61,-6.15,-12.91,-11.68,-12.91,-16.59);
draw_curve(-12.91,-16.59,0,-12.29,4.3,-30.11,12.91,-53.47);
draw_curve(12.91,-53.47,8.6,-23.35,12.91,-51.01,12.91,-82.97);
draw_curve(12.91,-82.97,0,-34.42,-1.84,-57.78,-5.53,-70.07);
draw_curve(-5.53,-70.07,-3.69,-12.29,-10.45,-18.44,-20.28,-18.44);
move_pen_rel(612.17,973.56);
draw_curve(612.17,973.56,22.13,0,106.94,-45.48,254.45,-136.44);
draw_curve(254.45,-136.44,-22.13,-14.75,-53.47,-22.13,-94.04,-22.13);
draw_curve(-94.04,-22.13,-40.56,0,-63.3,0,-68.22,0);
draw_line(-68.22,0,-114.32,140.13);
draw_line(-114.32,140.13,22.13,18.44);
draw_line(22.13,18.44,0,0);
move_pen_rel(-335.59,29.5);
draw_curve(-335.59,29.5,206.52,-73.75,318.37,-129.07,335.59,-165.94);
draw_line(335.59,-165.94,-22.13,-22.13);
draw_curve(-22.13,-22.13,-186.85,46.71,-276.58,70.07,-269.2,70.07);
draw_line(-269.2,70.07,-47.94,-3.69);
draw_curve(-47.94,-3.69,-9.83,4.92,-28.27,23.35,-55.31,55.31);
draw_curve(-55.31,55.31,-17.21,22.13,-32.57,38.72,-46.1,49.78);
draw_curve(-46.1,49.78,-13.52,11.06,-28.89,16.59,-46.1,16.59);
draw_curve(-46.1,16.59,-9.83,0,-17.82,-4.3,-23.97,-12.91);
draw_curve(-23.97,-12.91,-6.15,-8.61,-10.45,-14.14,-12.91,-16.59);
draw_curve(-12.91,-16.59,-51.63,17.21,-90.96,35.03,-118.01,53.47);
draw_curve(-118.01,53.47,-27.04,18.44,-40.57,46.09,-40.57,82.97);
draw_curve(-40.57,82.97,0,29.5,14.75,44.25,44.25,44.25);
draw_curve(44.25,44.25,63.92,-12.29,106.94,-23.97,129.07,-35.03);
draw_curve(129.07,-35.03,22.13,-11.06,37.49,-25.2,46.1,-42.41);
draw_curve(46.1,-42.41,8.61,-17.21,19.05,-28.27,31.35,-33.19);
draw_line(31.35,-33.19,95.88,-40.57);
draw_line(95.88,-40.57,0,0);
move_pen_rel(590.04,0);
draw_curve(590.04,0,22.13,0,46.71,-7.37,73.75,-22.13);
draw_curve(73.75,-22.13,27.04,-14.75,46.71,-31.96,59,-51.63);
draw_line(59,-51.63,-47.94,-47.94);
draw_line(-47.94,-47.94,-110.63,118.01);
draw_line(-110.63,118.01,25.81,3.69);
draw_line(25.81,3.69,0,0);
move_pen_rel(-379.84,-44.25);
draw_curve(-379.84,-44.25,19.67,0,34.42,-3.07,44.26,-9.22);
draw_curve(44.26,-9.22,9.83,-6.15,14.75,-20.28,14.75,-42.41);
draw_line(14.75,-42.41,-92.19,47.94);
draw_line(-92.19,47.94,33.19,3.69);
draw_line(33.19,3.69,0,0);
move_pen_rel(247.08,44.25);
draw_curve(247.08,44.25,7.38,0,22.74,-11.06,46.1,-33.19);
draw_curve(46.1,-33.19,23.35,-22.13,43.64,-43.02,60.85,-62.69);
draw_curve(60.85,-62.69,-2.46,2.46,-20.28,8.6,-53.47,18.44);
draw_curve(-53.47,18.44,-33.19,9.83,-68.22,25.81,-105.1,47.94);
draw_curve(-105.1,47.94,4.92,4.92,13.52,10.45,25.81,16.59);
draw_curve(25.81,16.59,12.3,6.15,20.9,10.45,25.81,12.91);
move_pen_rel(243.39,195.45);
draw_curve(243.39,195.45,7.38,0,18.44,-3.07,33.19,-9.22);
draw_curve(33.19,-9.22,14.75,-6.15,25.81,-9.22,33.19,-9.22);
draw_line(33.19,-9.22,-25.81,47.94);
draw_line(-25.81,47.94,51.63,18.44);
draw_line(51.63,18.44,-51.63,47.94);
draw_curve(-51.63,47.94,24.58,0,58.39,-10.45,101.41,-31.35);
draw_curve(101.41,-31.35,43.02,-20.89,64.53,-48.56,64.53,-82.97);
draw_curve(64.53,-82.97,0,-14.75,-4.91,-27.04,-14.75,-36.88);
draw_curve(-14.75,-36.88,-9.83,-9.83,-22.13,-14.75,-36.88,-14.75);
draw_line(-36.88,-14.75,-18.44,3.69);
draw_line(-18.44,3.69,22.13,-40.56);
draw_curve(22.13,-40.56,0,-24.59,-6.15,-46.71,-18.44,-66.38);
draw_curve(-18.44,-66.38,-12.29,-19.67,-28.27,-29.5,-47.94,-29.5);
draw_curve(-47.94,-29.5,-24.58,0,-49.78,9.83,-75.6,29.5);
draw_curve(-75.6,29.5,-25.81,19.67,-46.09,41.8,-60.85,66.38);
draw_line(-60.85,66.38,44.25,18.44);
draw_curve(44.25,18.44,-2.46,12.29,-6.76,25.81,-12.91,40.57);
draw_curve(-12.91,40.57,-6.15,14.75,-10.45,24.58,-12.91,29.5);
draw_curve(-12.91,29.5,0,4.92,3.07,9.22,9.22,12.91);
draw_curve(9.22,12.91,6.15,3.69,11.68,5.53,16.59,5.53);
move_pen_rel(-955.12,501.53);
draw_curve(-955.12,501.53,-4.92,-73.75,-7.37,-146.28,-7.37,-217.57);
draw_curve(-7.37,-217.57,0,-125.38,9.83,-226.18,29.5,-302.39);
draw_curve(29.5,-302.39,-4.91,2.46,-12.29,5.53,-22.13,9.22);
draw_curve(-22.13,9.22,-9.83,3.69,-17.21,6.76,-22.13,9.22);
draw_curve(-22.13,9.22,-41.79,19.67,-68.22,36.26,-79.28,49.79);
draw_curve(-79.28,49.79,-11.06,13.52,-16.6,38.72,-16.6,75.6);
draw_curve(-16.6,75.6,0,9.83,1.23,14.75,3.69,14.75);
draw_line(3.69,14.75,44.25,25.81);
draw_line(44.25,25.81,-44.25,40.57);
draw_line(-44.25,40.57,0,295.02);
draw_line(0,295.02,44.25,25.81);
draw_curve(44.25,25.81,-19.67,4.92,-36.87,15.37,-51.63,31.35);
draw_curve(-51.63,31.35,-14.75,15.98,-22.13,33.8,-22.13,53.47);
draw_curve(-22.13,53.47,17.21,0,39.95,5.53,68.22,16.59);
draw_curve(68.22,16.59,28.28,11.06,46.1,22.74,53.47,35.03);
draw_curve(53.47,35.03,17.21,-24.58,25.81,-55.31,25.81,-92.19);
draw_line(25.81,-92.19,-51.63,0);
draw_curve(-51.63,0,12.3,-31.96,28.28,-55.31,47.94,-70.07);
move_pen_rel(977.25,-236.01);
draw_curve(977.25,-236.01,63.92,0,116.78,-17.21,158.57,-51.63);
draw_curve(158.57,-51.63,41.79,-34.42,62.69,-83.59,62.69,-147.51);
draw_curve(62.69,-147.51,-59,0,-110.63,18.44,-154.88,55.31);
draw_curve(-154.88,55.31,-44.26,36.88,-66.38,84.82,-66.38,143.82);
move_pen_rel(14.75,158.57);
draw_curve(14.75,158.57,41.8,0,84.2,-21.51,127.23,-64.54);
draw_curve(127.23,-64.54,43.02,-43.02,64.54,-86.66,64.54,-130.91);
draw_curve(64.54,-130.91,-27.04,0,-61.46,12.29,-103.26,36.88);
draw_curve(-103.26,36.88,-41.79,24.58,-62.69,50.4,-62.69,77.44);
draw_line(-62.69,77.44,51.63,0);
draw_curve(51.63,0,-7.37,12.29,-17.82,21.51,-31.34,27.66);
draw_curve(-31.34,27.66,-13.52,6.15,-24.59,12.29,-33.19,18.44);
draw_curve(-33.19,18.44,-8.6,6.15,-12.91,17.82,-12.91,35.03);
move_pen_rel(114.32,239.7);
draw_curve(114.32,239.7,0,-19.67,9.83,-49.17,29.5,-88.5);
draw_curve(29.5,-88.5,2.46,-4.92,10.45,-23.35,23.97,-55.31);
draw_curve(23.97,-55.31,13.52,-31.96,20.28,-70.07,20.28,-114.32);
draw_curve(20.28,-114.32,0,-7.38,-1.84,-15.37,-5.53,-23.97);
draw_curve(-5.53,-23.97,-3.69,-8.6,-9.22,-12.91,-16.59,-12.91);
draw_line(-16.59,-12.91,-136.44,88.5);
draw_line(-136.44,88.5,0,7.38);
draw_curve(0,7.38,0,24.58,8.6,36.87,25.81,36.87);
draw_curve(25.81,36.87,-17.21,14.75,-33.19,31.35,-47.94,49.79);
draw_curve(-47.94,49.79,-14.75,18.44,-22.13,32.57,-22.13,42.41);
draw_line(-22.13,42.41,44.26,-22.13);
draw_curve(44.26,-22.13,-2.46,2.46,-3.69,6.15,-3.69,11.06);
draw_curve(-3.69,11.06,0,7.38,3.07,14.75,9.22,22.13);
draw_curve(9.22,22.13,6.15,7.38,12.91,12.3,20.28,14.75);
draw_curve(20.28,14.75,-4.92,4.92,-10.45,9.83,-16.59,14.75);
draw_curve(-16.59,14.75,-6.15,4.92,-9.22,14.75,-9.22,29.5);
draw_curve(-9.22,29.5,2.46,4.92,6.15,9.22,11.06,12.91);
draw_curve(11.06,12.91,4.92,3.69,9.83,6.76,14.75,9.22);
draw_line(14.75,9.22,-25.81,22.13);
draw_line(-25.81,22.13,0,486.78);
draw_line(0,486.78,29.5,0);
draw_curve(29.5,0,27.04,0,47.94,-3.69,62.69,-11.06);
draw_curve(62.69,-11.06,14.75,-7.38,22.13,-22.13,22.13,-44.25);
draw_curve(22.13,-44.25,0,-39.34,-1.23,-73.14,-3.69,-101.41);
draw_curve(-3.69,-101.41,-2.46,-28.28,-4.92,-52.24,-7.37,-71.91);
draw_curve(-7.37,-71.91,-9.83,-78.67,-14.75,-142.59,-14.75,-191.76);
draw_line(-14.75,-191.76,-18.44,0);
draw_curve(-18.44,0,36.87,-36.88,55.31,-73.76,55.31,-110.63);
draw_line(55.31,-110.63,-40.57,0);
draw_line(-40.57,0,0,0);
move_pen_rel(-1128.44,44.26);
draw_curve(-1128.44,44.26,-7.37,0,-19.67,3.69,-36.88,11.06);
draw_curve(-36.88,11.06,-17.21,7.37,-28.27,11.06,-33.19,11.06);
draw_line(-33.19,11.06,22.13,-44.26);
draw_curve(22.13,-44.26,-17.21,0,-33.19,3.69,-47.94,11.07);
draw_curve(-47.94,11.07,-14.75,7.37,-22.13,15.98,-22.13,25.81);
draw_curve(-22.13,25.81,0,14.75,5.53,23.97,16.59,27.66);
draw_curve(16.59,27.66,11.07,3.69,25.2,5.53,42.41,5.53);
draw_curve(42.41,5.53,19.67,0,35.04,-1.23,46.1,-3.69);
draw_curve(46.1,-3.69,11.06,-2.46,22.74,-9.83,35.03,-22.13);
draw_curve(35.03,-22.13,0,-4.92,-3.07,-9.83,-9.22,-14.75);
draw_curve(-9.22,-14.75,-6.15,-4.92,-10.45,-7.37,-12.91,-7.37);
move_pen_rel(-47.94,431.46);
draw_curve(-47.94,431.46,24.59,0,43.02,-9.22,55.32,-27.66);
draw_curve(55.32,-27.66,12.29,-18.44,18.44,-39.95,18.44,-64.54);
draw_curve(18.44,-64.54,0,-14.75,-1.23,-30.11,-3.69,-46.09);
draw_curve(-3.69,-46.09,-2.46,-15.98,-9.83,-30.12,-22.13,-42.41);
draw_curve(-22.13,-42.41,-7.37,2.46,-18.44,7.37,-33.19,14.75);
draw_curve(-33.19,14.75,-14.75,7.37,-27.04,11.06,-36.88,11.06);
draw_line(-36.88,11.06,92.19,-92.19);
draw_curve(92.19,-92.19,-9.83,-49.17,-22.13,-73.76,-36.87,-73.76);
draw_line(-36.87,-73.76,-11.07,3.69);
draw_line(-11.07,3.69,25.81,-47.94);
draw_curve(25.81,-47.94,-71.3,4.92,-118.01,29.5,-140.13,73.76);
draw_curve(-140.13,73.76,0,2.46,3.07,6.15,9.22,11.06);
draw_curve(9.22,11.06,6.15,4.92,11.68,7.37,16.59,7.37);
draw_curve(16.59,7.37,7.37,0,15.37,-2.46,23.97,-7.37);
draw_curve(23.97,-7.37,8.6,-4.92,15.36,-8.61,20.28,-11.06);
draw_line(20.28,-11.06,-44.25,66.38);
draw_line(-44.25,66.38,22.13,22.13);
draw_curve(22.13,22.13,-12.29,4.92,-19.67,10.45,-22.13,16.59);
draw_curve(-22.13,16.59,-2.46,6.15,-3.69,15.37,-3.69,27.66);
draw_curve(-3.69,27.66,2.46,9.83,7.38,25.2,14.75,46.1);
draw_curve(14.75,46.1,7.37,20.9,11.06,36.26,11.06,46.09);
draw_curve(11.06,46.09,-2.46,2.46,-7.37,6.15,-14.75,11.06);
draw_curve(-14.75,11.06,-7.37,4.92,-11.06,13.52,-11.06,25.81);
draw_curve(-11.06,25.81,0,4.92,8.61,11.06,25.81,18.44);
draw_curve(25.81,18.44,17.21,7.38,31.96,11.07,44.25,11.07);
move_pen_rel(1854.93,-696.98);
draw_curve(1854.93,-696.98,0,-122.92,22.13,-258.14,66.38,-405.65);
draw_curve(66.38,-405.65,44.25,-147.51,98.34,-274.12,162.26,-379.83);
draw_line(162.26,-379.83,7.38,3.69);
draw_curve(7.38,3.69,14.75,0,45.48,-15.98,92.19,-47.94);
draw_curve(92.19,-47.94,44.25,-29.5,72.52,-44.25,84.81,-44.25);
draw_curve(84.81,-44.25,17.21,-4.92,62.08,-15.98,134.6,-33.19);
draw_curve(134.6,-33.19,72.53,-17.21,140.75,-25.81,204.67,-25.81);
draw_line(204.67,-25.81,0,33.19);
draw_curve(0,33.19,34.42,-12.3,65.76,-19.67,94.04,-22.13);
draw_curve(94.04,-22.13,28.27,-2.46,57.16,-3.69,86.66,-3.69);
draw_curve(86.66,-3.69,76.21,0,150.58,7.37,223.11,22.13);
draw_curve(223.11,22.13,72.52,14.75,108.79,40.57,108.79,77.44);
draw_curve(108.79,77.44,61.46,0,110.02,21.51,145.67,64.54);
draw_curve(145.67,64.54,35.65,43.02,70.68,101.41,105.1,175.17);
draw_curve(105.1,175.17,12.29,27.04,25.2,51.63,38.72,73.75);
draw_curve(38.72,73.75,13.52,22.13,26.43,36.88,38.72,44.26);
draw_line(38.72,44.26,0,317.14);
draw_line(0,317.14,-66.38,47.94);
draw_line(-66.38,47.94,18.44,22.13);
draw_curve(18.44,22.13,-66.38,51.63,-211.43,77.44,-435.15,77.44);
draw_line(-435.15,77.44,-191.76,0);
draw_curve(-191.76,0,-122.93,0,-203.44,-1.23,-241.55,-3.69);
draw_curve(-241.55,-3.69,-38.11,-2.46,-112.48,-12.29,-223.11,-29.5);
draw_curve(-223.11,-29.5,-2.46,-14.75,-9.83,-22.13,-22.13,-22.13);
draw_curve(-22.13,-22.13,-4.92,0,-11.06,1.23,-18.44,3.69);
draw_curve(-18.44,3.69,-7.37,2.46,-14.75,3.69,-22.13,3.69);
draw_curve(-22.13,3.69,0,71.3,9.22,149.97,27.66,236.02);
draw_curve(27.66,236.02,18.44,86.05,46.1,148.74,82.98,188.07);
draw_curve(82.98,188.07,19.67,22.13,73.75,49.17,162.26,81.13);
draw_curve(162.26,81.13,44.25,14.75,73.75,25.81,88.5,33.19);
draw_curve(88.5,33.19,44.25,31.96,82.36,47.94,114.32,47.94);
draw_curve(114.32,47.94,56.55,0,118.01,-7.37,184.39,-22.13);
draw_curve(184.39,-22.13,66.38,-14.75,104.48,-23.35,114.32,-25.81);
draw_curve(114.32,-25.81,118.01,-31.96,212.66,-47.94,283.95,-47.94);
draw_curve(283.95,-47.94,31.96,0,53.47,14.13,64.54,42.41);
draw_curve(64.54,42.41,11.06,28.27,16.59,64.54,16.59,108.79);
draw_curve(16.59,108.79,0,46.71,-3.69,76.21,-11.06,88.5);
draw_curve(-11.06,88.5,-7.37,12.29,-20.9,20.28,-40.56,23.97);
draw_curve(-40.56,23.97,-19.67,3.69,-35.65,14.13,-47.94,31.34);
draw_curve(-47.94,31.34,-14.75,4.92,-158.57,29.5,-431.46,73.76);
draw_curve(-431.46,73.76,-103.26,0,-194.83,-2.46,-274.74,-7.37);
draw_curve(-274.74,-7.37,-79.9,-4.92,-154.27,-18.44,-223.11,-40.57);
draw_curve(-223.11,-40.57,-76.21,-24.58,-153.04,-82.36,-230.48,-173.32);
draw_curve(-230.48,-173.32,-77.44,-90.96,-141.98,-191.76,-193.61,-302.39);
draw_curve(-193.61,-302.39,-51.63,-110.63,-77.44,-205.28,-77.44,-283.96);
move_pen_rel(1165.32,-704.35);
draw_curve(1165.32,-704.35,0,19.67,22.13,49.17,66.38,88.5);
draw_curve(66.38,88.5,44.25,39.34,73.76,59,88.5,59);
draw_curve(88.5,59,14.75,0,34.42,-4.92,59,-14.75);
draw_curve(59,-14.75,24.59,-9.83,36.88,-20.9,36.88,-33.19);
draw_curve(36.88,-33.19,0,-14.75,-4.92,-36.26,-14.75,-64.54);
draw_curve(-14.75,-64.54,-9.83,-28.27,-14.75,-44.87,-14.75,-49.78);
draw_curve(-14.75,-49.78,0,7.38,-5.53,12.91,-16.59,16.59);
draw_curve(-16.59,16.59,-11.06,3.69,-20.28,5.53,-27.66,5.53);
draw_curve(-27.66,5.53,-19.67,-2.46,-42.41,-12.29,-68.22,-29.5);
draw_curve(-68.22,-29.5,-25.81,-17.21,-38.72,-36.88,-38.72,-59);
draw_curve(-38.72,-59,-71.3,0,-106.94,-17.21,-106.94,-51.63);
draw_curve(-106.94,-51.63,-4.92,0,-14.75,8.61,-29.5,25.81);
draw_curve(-29.5,25.81,-14.75,17.21,-41.79,25.81,-81.13,25.81);
draw_curve(-81.13,25.81,-12.29,0,-24.58,-4.92,-36.87,-14.75);
draw_curve(-36.87,-14.75,-12.3,-9.83,-28.28,-14.75,-47.94,-14.75);
draw_line(-47.94,-14.75,-47.94,3.69);
draw_curve(-47.94,3.69,4.92,2.46,16.59,18.44,35.03,47.94);
draw_curve(35.03,47.94,18.44,29.5,33.81,45.48,46.1,47.94);
draw_curve(46.1,47.94,4.92,0,14.13,-4.3,27.66,-12.91);
draw_curve(27.66,-12.91,13.52,-8.61,25.2,-12.91,35.03,-12.91);
draw_curve(35.03,-12.91,9.83,2.46,28.28,9.22,55.32,20.28);
draw_curve(55.32,20.28,27.04,11.06,54.09,16.59,81.13,16.59);
move_pen_rel(-992,763.36);
draw_curve(-992,763.36,22.13,0,44.87,-5.53,68.22,-16.59);
draw_curve(68.22,-16.59,23.35,-11.06,35.03,-26.43,35.03,-46.09);
draw_curve(35.03,-46.09,0,-4.92,-3.69,-12.91,-11.06,-23.97);
draw_curve(-11.06,-23.97,-7.37,-11.06,-11.06,-21.51,-11.06,-31.35);
draw_curve(-11.06,-31.35,4.92,-17.21,13.52,-38.72,25.81,-64.53);
draw_curve(25.81,-64.53,12.29,-25.81,18.44,-52.24,18.44,-79.29);
draw_curve(18.44,-79.29,0,-19.67,-4.3,-33.8,-12.91,-42.41);
draw_curve(-12.91,-42.41,-8.61,-8.61,-20.9,-16.59,-36.88,-23.97);
draw_curve(-36.88,-23.97,-15.98,-7.38,-23.97,-15.98,-23.97,-25.81);
draw_curve(-23.97,-25.81,0,-9.83,7.99,-32.57,23.97,-68.22);
draw_curve(23.97,-68.22,15.98,-35.65,23.97,-59.62,23.97,-71.91);
draw_curve(23.97,-71.91,0,-24.59,23.36,-65.15,70.07,-121.7);
draw_curve(70.07,-121.7,27.04,-36.88,47.94,-66.38,62.69,-88.5);
draw_curve(62.69,-88.5,14.75,-22.13,22.13,-44.25,22.13,-66.38);
draw_curve(22.13,-66.38,9.83,0,23.35,2.46,40.57,7.37);
draw_curve(40.57,7.37,17.21,4.92,34.42,7.37,51.63,7.37);
draw_curve(51.63,7.37,7.38,0,12.29,-6.76,14.75,-20.28);
draw_curve(14.75,-20.28,2.46,-13.52,6.15,-21.51,11.06,-23.97);
draw_curve(11.06,-23.97,19.67,-7.37,59,-11.06,118.01,-11.06);
draw_curve(118.01,-11.06,56.54,-2.46,99.57,-5.53,129.07,-9.22);
draw_curve(129.07,-9.22,29.5,-3.69,45.48,-11.68,47.94,-23.97);
draw_curve(47.94,-23.97,-27.04,-12.29,-52.86,-20.28,-77.44,-23.97);
draw_curve(-77.44,-23.97,-24.58,-3.69,-56.54,-5.54,-95.88,-5.54);
draw_curve(-95.88,-5.54,-167.17,0,-294.4,56.55,-381.68,169.64);
draw_curve(-381.68,169.64,-87.28,113.09,-130.91,255.68,-130.91,427.78);
draw_line(-130.91,427.78,118,0);
draw_line(118,0,0,22.13);
draw_line(0,22.13,-136.44,136.44);
draw_line(-136.44,136.44,0,70.07);
draw_line(0,70.07,44.25,-25.81);
draw_line(44.25,-25.81,-44.25,70.07);
draw_line(-44.25,70.07,36.88,3.69);
draw_line(36.88,3.69,0,0);
move_pen_rel(213.89,-431.46);
draw_curve(213.89,-431.46,12.29,24.59,84.2,41.18,215.73,49.79);
draw_curve(215.73,49.79,131.53,8.6,241.54,12.91,330.05,12.91);
draw_curve(330.05,12.91,44.25,0,103.26,-4.92,177.01,-14.75);
draw_curve(177.01,-14.75,68.84,-9.83,125.39,-14.75,169.64,-14.75);
draw_curve(169.64,-14.75,0,-12.3,-8.61,-37.49,-25.81,-75.6);
draw_curve(-25.81,-75.6,-17.21,-38.11,-30.73,-57.16,-40.56,-57.16);
draw_line(-40.56,-57.16,-7.38,3.69);
draw_curve(-7.38,3.69,-17.21,-51.63,-71.91,-94.65,-164.1,-129.07);
draw_curve(-164.1,-129.07,-92.19,-34.42,-170.25,-51.63,-234.17,-51.63);
draw_curve(-234.17,-51.63,-98.34,0,-184.39,23.36,-258.14,70.07);
draw_curve(-258.14,70.07,-73.76,46.71,-127.84,115.55,-162.26,206.51);
move_pen_rel(1028.87,77.44);
draw_curve(1028.87,77.44,0,36.88,-12.29,60.85,-36.88,71.91);
draw_curve(-36.88,71.91,-24.58,11.06,-60.23,16.59,-106.94,16.59);
draw_curve(-106.94,16.59,-39.33,2.46,-68.83,7.38,-88.5,14.75);
draw_curve(-88.5,14.75,-19.67,7.37,-29.5,23.35,-29.5,47.94);
draw_curve(-29.5,47.94,81.13,0,145.05,-2.46,191.76,-7.38);
draw_curve(191.76,-7.38,46.71,-4.91,74.98,-19.67,84.82,-44.25);
draw_curve(84.82,-44.25,12.29,19.67,29.5,29.5,51.63,29.5);
draw_curve(51.63,29.5,0,-19.67,-4.3,-41.18,-12.91,-64.54);
draw_curve(-12.91,-64.54,-8.61,-23.36,-12.91,-41.18,-12.91,-53.47);
draw_curve(-12.91,-53.47,0,-9.83,5.53,-18.44,16.59,-25.81);
draw_curve(16.59,-25.81,11.06,-7.37,19.67,-15.98,25.81,-25.81);
draw_curve(25.81,-25.81,6.15,-9.83,9.22,-29.5,9.22,-59);
draw_curve(9.22,-59,0,-95.88,-28.27,-143.82,-84.82,-143.82);
draw_curve(-84.82,-143.82,-24.58,0,-39.95,6.76,-46.09,20.28);
draw_curve(-46.09,20.28,-6.15,13.52,-9.22,38.72,-9.22,75.6);
draw_curve(-9.22,75.6,27.04,81.13,43.02,125.39,47.94,132.76);
draw_line(47.94,132.76,0,14.75);
draw_line(0,14.75,0,0);
move_pen_rel(-999.37,44.25);
draw_curve(-999.37,44.25,-22.13,0,-41.18,8.61,-57.16,25.81);
draw_curve(-57.16,25.81,-15.98,17.21,-23.97,36.88,-23.97,59);
draw_curve(-23.97,59,31.96,0,53.47,-6.15,64.54,-18.44);
draw_curve(64.54,-18.44,11.06,-12.29,16.59,-34.42,16.59,-66.38);
move_pen_rel(70.07,33.19);
draw_curve(70.07,33.19,-4.92,0,-19.06,11.06,-42.41,33.19);
draw_curve(-42.41,33.19,-23.35,22.13,-42.41,41.8,-57.16,59);
draw_line(-57.16,59,77.44,-14.75);
draw_curve(77.44,-14.75,4.92,0,21.51,-3.07,49.78,-9.22);
draw_curve(49.78,-9.22,28.27,-6.15,62.08,-21.51,101.41,-46.1);
draw_curve(101.41,-46.1,-7.37,-2.46,-45.48,-9.83,-114.32,-22.13);
draw_line(-114.32,-22.13,-14.75,0);
draw_line(-14.75,0,0,0);
move_pen_rel(129.07,66.38);
draw_curve(129.07,66.38,49.17,17.21,92.19,25.81,129.07,25.81);
draw_curve(129.07,25.81,22.13,0,41.18,-7.37,57.16,-22.13);
draw_curve(57.16,-22.13,15.98,-14.75,23.97,-33.19,23.97,-55.31);
draw_curve(23.97,-55.31,-122.93,0,-192.99,17.21,-210.2,51.63);
move_pen_rel(350.33,-22.13);
draw_curve(350.33,-22.13,-34.42,0,-68.22,4.3,-101.41,12.91);
draw_curve(-101.41,12.91,-33.19,8.6,-49.78,23.97,-49.78,46.09);
draw_line(-49.78,46.09,3.69,11.06);
draw_curve(3.69,11.06,4.92,0,48.56,-3.07,130.92,-9.22);
draw_curve(130.92,-9.22,82.36,-6.15,129.69,-26.43,141.98,-60.85);
draw_line(141.98,-60.85,-103.26,0);
draw_line(-103.26,0,-22.13,0);
draw_line(-22.13,0,0,0);
move_pen_rel(-708.04,265.52);
draw_curve(-708.04,265.52,-46.71,0,-76.21,6.76,-88.51,20.28);
draw_curve(-88.51,20.28,-12.29,13.52,-18.44,44.87,-18.44,94.04);
draw_curve(-18.44,94.04,29.5,0,54.7,-11.68,75.6,-35.04);
draw_curve(75.6,-35.04,20.9,-23.35,31.35,-49.78,31.35,-79.29);
move_pen_rel(14.75,51.63);
draw_curve(14.75,51.63,-4.92,7.37,-17.82,26.43,-38.72,57.16);
draw_curve(-38.72,57.16,-20.9,30.73,-31.35,60.85,-31.35,90.35);
draw_curve(-31.35,90.35,71.3,0,118.01,-9.83,140.13,-29.5);
draw_curve(140.13,-29.5,-7.37,-17.21,-19.67,-37.49,-36.87,-60.85);
draw_curve(-36.87,-60.85,-17.21,-23.36,-28.28,-42.41,-33.19,-57.16);
move_pen_rel(-44.25,206.51);
draw_curve(-44.25,206.51,12.29,7.38,22.13,21.51,29.5,42.41);
draw_curve(29.5,42.41,7.37,20.9,12.29,37.49,14.75,49.78);
draw_curve(14.75,49.78,56.55,-29.5,84.82,-76.21,84.82,-140.13);
draw_curve(84.82,-140.13,-68.84,0,-111.86,15.98,-129.07,47.94);
move_pen_rel(184.39,206.52);
draw_curve(184.39,206.52,29.5,-44.26,44.26,-72.53,44.26,-84.82);
draw_line(44.26,-84.82,-3.69,-11.06);
draw_line(-3.69,-11.06,-132.76,-18.44);
draw_line(-132.76,-18.44,-25.81,18.44);
draw_line(-25.81,18.44,118.01,95.88);
draw_line(118.01,95.88,0,0);
move_pen_rel(40.57,22.13);
draw_curve(40.57,22.13,2.46,4.92,6.15,9.22,11.06,12.91);
draw_curve(11.06,12.91,4.92,3.69,9.83,6.76,14.75,9.22);
draw_curve(14.75,9.22,22.13,-4.92,46.71,-15.98,73.75,-33.19);
draw_curve(73.75,-33.19,27.04,-17.21,40.57,-29.5,40.57,-36.88);
draw_curve(40.57,-36.88,0,-12.3,-4.3,-22.74,-12.91,-31.35);
draw_curve(-12.91,-31.35,-8.6,-8.61,-15.36,-12.91,-20.28,-12.91);
draw_curve(-20.28,-12.91,-22.13,0,-45.48,10.45,-70.07,31.34);
draw_curve(-70.07,31.34,-24.59,20.9,-36.88,41.18,-36.88,60.85);
move_pen_rel(92.19,66.38);
draw_curve(92.19,66.38,54.09,12.29,84.82,20.9,92.19,25.81);
draw_curve(92.19,25.81,12.29,12.29,19.67,18.44,22.13,18.44);
draw_curve(22.13,18.44,36.88,0,69.45,-11.68,97.72,-35.03);
draw_curve(97.72,-35.03,28.27,-23.36,42.41,-52.24,42.41,-86.66);
draw_curve(42.41,-86.66,-93.42,0,-140.13,11.06,-140.13,33.19);
draw_curve(-140.13,33.19,0,-7.38,-4.3,-17.21,-12.91,-29.5);
draw_curve(-12.91,-29.5,-8.61,-12.29,-15.37,-18.44,-20.28,-18.44);
draw_curve(-20.28,-18.44,-4.92,0,-20.28,11.68,-46.1,35.03);
draw_curve(-46.1,35.03,-25.81,23.36,-38.72,38.72,-38.72,46.1);
draw_line(-38.72,46.1,3.69,11.06);
draw_line(3.69,11.06,0,0);
move_pen_rel(250.76,25.81);
draw_curve(250.76,25.81,12.3,12.29,19.67,18.44,22.13,18.44);
draw_curve(22.13,18.44,41.8,0,90.96,-4.92,147.51,-14.75);
draw_curve(147.51,-14.75,56.54,-9.83,92.19,-15.98,106.94,-18.44);
draw_curve(106.94,-18.44,103.26,-19.67,170.86,-29.5,202.82,-29.5);
draw_line(202.82,-29.5,44.25,18.44);
draw_curve(44.25,18.44,29.5,0,56.55,-6.15,81.13,-18.44);
draw_curve(81.13,-18.44,24.59,-12.3,36.88,-31.96,36.88,-59);
draw_curve(36.88,-59,-49.17,0,-115.55,9.83,-199.14,29.5);
draw_curve(-199.14,29.5,-12.29,2.46,-33.19,7.37,-62.69,14.75);
draw_curve(-62.69,14.75,-29.5,7.37,-57.78,12.29,-84.82,14.75);
draw_curve(-84.82,14.75,-49.17,0,-101.41,1.84,-156.73,5.53);
draw_curve(-156.73,5.53,-55.31,3.69,-94.04,7.99,-116.17,12.91);
draw_line(-116.17,12.91,-22.13,25.81);
draw_line(-22.13,25.81,0,0);
move_pen_rel(1489.84,-1600.48);
draw_curve(1489.84,-1600.48,29.5,0,44.25,9.83,44.25,29.5);
draw_curve(44.25,29.5,0,7.37,-5.53,29.5,-16.59,66.38);
draw_curve(-16.59,66.38,-11.06,36.88,-17.82,62.69,-20.28,77.44);
draw_line(-20.28,77.44,84.82,-84.81);
draw_curve(84.82,-84.81,95.88,-61.46,185.61,-111.86,269.2,-151.2);
draw_curve(269.2,-151.2,83.59,-39.34,165.95,-59,247.08,-59);
draw_curve(247.08,-59,7.37,9.83,11.06,39.33,11.06,88.5);
draw_curve(11.06,88.5,0,24.59,-2.46,63.92,-7.38,118.01);
draw_curve(-7.38,118.01,-4.92,59,-7.37,105.72,-7.37,140.13);
draw_curve(-7.37,140.13,0,14.75,2.46,34.42,7.37,59);
draw_curve(7.37,59,0,4.92,-9.83,10.45,-29.5,16.59);
draw_curve(-29.5,16.59,-19.67,6.15,-34.42,10.45,-44.25,12.91);
draw_curve(-44.25,12.91,-118.01,34.42,-218.81,74.98,-302.39,121.7);
draw_curve(-302.39,121.7,-83.59,46.71,-131.53,113.09,-143.82,199.14);
draw_line(-143.82,199.14,-14.75,81.13);
draw_curve(-14.75,81.13,-24.58,135.22,-36.88,218.8,-36.88,250.76);
draw_curve(-36.88,250.76,0,76.21,8.61,168.41,25.81,276.58);
draw_curve(25.81,276.58,2.46,17.21,7.38,57.16,14.75,119.85);
draw_curve(14.75,119.85,7.37,62.69,11.06,121.08,11.06,175.17);
draw_curve(11.06,175.17,0,14.75,-2.46,38.11,-7.37,70.07);
draw_curve(-7.37,70.07,-4.92,31.96,-9.83,62.69,-14.75,92.19);
draw_line(-14.75,92.19,22.13,25.81);
draw_curve(22.13,25.81,-2.46,14.75,-34.42,26.43,-95.88,35.03);
draw_curve(-95.88,35.03,-61.46,8.61,-105.71,12.91,-132.76,12.91);
draw_line(-132.76,12.91,-11.06,0);
draw_curve(-11.06,0,-9.83,0,-17.21,-1.85,-22.13,-5.53);
draw_curve(-22.13,-5.53,-4.91,-3.69,-8.6,-10.45,-11.06,-20.28);
draw_curve(-11.06,-20.28,-7.37,17.21,-21.51,29.5,-42.41,36.88);
draw_curve(-42.41,36.88,-20.9,7.37,-41.18,11.06,-60.85,11.06);
draw_curve(-60.85,11.06,-12.29,-2.46,-26.43,-5.53,-42.41,-9.22);
draw_curve(-42.41,-9.22,-15.98,-3.69,-27.66,-7.99,-35.03,-12.91);
draw_line(-35.03,-12.91,-25.81,-232.33);
draw_line(-25.81,-232.33,0,-1541.47);
draw_line(0,-1541.47,387.21,0);
draw_line(387.21,0,0,0);
move_pen_rel(361.4,99.57);
draw_curve(361.4,99.57,39.33,0,59,27.04,59,81.13);
draw_curve(59,81.13,0,17.21,-1.23,32.57,-3.69,46.09);
draw_curve(-3.69,46.09,-2.46,13.52,-3.69,26.43,-3.69,38.72);
draw_curve(-3.69,38.72,34.42,-12.29,62.08,-33.19,82.98,-62.69);
draw_curve(82.98,-62.69,20.9,-29.5,31.35,-63.92,31.35,-103.26);
draw_curve(31.35,-103.26,0,-19.67,-17.21,-42.41,-51.63,-68.22);
draw_curve(-51.63,-68.22,-34.42,-25.81,-51.63,-43.64,-51.63,-53.47);
draw_curve(-51.63,-53.47,0,-2.46,2.46,-6.15,7.38,-11.06);
draw_curve(7.38,-11.06,-31.96,31.96,-47.94,49.17,-47.94,51.63);
draw_line(-47.94,51.63,3.69,18.44);
draw_curve(3.69,18.44,-17.21,17.21,-43.02,33.19,-77.44,47.94);
draw_curve(-77.44,47.94,-34.42,14.75,-60.23,30.73,-77.44,47.94);
draw_curve(-77.44,47.94,-17.21,17.21,-25.81,45.48,-25.81,84.82);
draw_curve(-25.81,84.82,14.75,-2.46,28.89,-10.45,42.41,-23.97);
draw_curve(42.41,-23.97,13.52,-13.52,25.2,-26.43,35.04,-38.72);
draw_curve(35.04,-38.72,27.04,-36.88,52.85,-55.31,77.44,-55.31);
move_pen_rel(-460.97,92.19);
draw_curve(-460.97,92.19,0,61.46,-43.02,141.36,-129.07,239.7);
draw_curve(-129.07,239.7,34.42,-12.29,70.07,-28.89,106.94,-49.78);
draw_curve(106.94,-49.78,36.88,-20.9,55.32,-36.26,55.32,-46.1);
draw_line(55.32,-46.1,0,-224.95);
draw_curve(0,-224.95,-22.13,-4.92,-56.55,-9.83,-103.26,-14.75);
draw_curve(-103.26,-14.75,-46.71,-4.92,-81.13,-8.61,-103.26,-11.06);
draw_line(-103.26,-11.06,0,73.76);
draw_line(0,73.76,14.75,0);
draw_curve(14.75,0,0,17.21,-3.07,34.42,-9.22,51.63);
draw_curve(-9.22,51.63,-6.15,17.21,-9.22,33.19,-9.22,47.94);
draw_curve(-9.22,47.94,41.79,0,81.13,-18.44,118.01,-55.31);
draw_line(118.01,-55.31,-114.32,114.32);
draw_line(-114.32,114.32,0,47.94);
draw_curve(0,47.94,4.92,-4.92,32.57,-35.04,82.98,-90.35);
draw_curve(82.98,-90.35,50.4,-55.31,80.52,-82.97,90.35,-82.97);
move_pen_rel(-129.07,671.17);
draw_curve(-129.07,671.17,29.5,-2.46,65.15,-11.68,106.94,-27.66);
draw_curve(106.94,-27.66,41.8,-15.98,67.61,-28.89,77.44,-38.72);
draw_curve(77.44,-38.72,9.83,-46.71,15.98,-77.44,18.44,-92.19);
draw_curve(18.44,-92.19,29.5,-127.84,54.09,-224.95,73.76,-291.33);
draw_curve(73.76,-291.33,19.67,-66.38,50.4,-136.44,92.19,-210.2);
draw_curve(92.19,-210.2,-66.38,54.09,-134.6,121.69,-204.67,202.82);
draw_curve(-204.67,202.82,-70.07,81.13,-124.77,157.35,-164.1,228.64);
draw_line(-164.1,228.64,14.75,0);
draw_line(14.75,0,169.64,-44.25);
draw_line(169.64,-44.25,0,18.44);
draw_line(0,18.44,-184.39,228.64);
draw_line(-184.39,228.64,0,25.81);
draw_line(0,25.81,0,0);
move_pen_rel(424.09,-516.28);
draw_curve(424.09,-516.28,27.04,0,49.17,-7.99,66.38,-23.97);
draw_curve(66.38,-23.97,17.21,-15.98,25.81,-36.26,25.81,-60.85);
draw_line(25.81,-60.85,-3.69,-33.19);
draw_line(-3.69,-33.19,-110.63,114.32);
draw_line(-110.63,114.32,22.13,3.69);
draw_line(22.13,3.69,0,0);
move_pen_rel(-376.15,129.07);
draw_curve(-376.15,129.07,-39.33,0,-65.15,7.38,-77.44,22.13);
draw_curve(-77.44,22.13,-12.29,14.75,-18.44,38.11,-18.44,70.06);
draw_line(-18.44,70.06,3.69,40.57);
draw_line(3.69,40.57,92.19,-132.76);
draw_line(92.19,-132.76,0,0);
move_pen_rel(-22.13,224.95);
draw_curve(-22.13,224.95,-56.54,0,-84.81,31.96,-84.81,95.88);
draw_line(-84.81,95.88,36.87,0);
draw_line(36.87,0,70.07,-95.88);
draw_line(70.07,-95.88,-22.13,0);
draw_line(-22.13,0,0,0);
move_pen_rel(77.44,184.39);
draw_curve(77.44,184.39,-36.88,4.92,-70.68,12.3,-101.41,22.13);
draw_curve(-101.41,22.13,-30.73,9.83,-46.1,17.21,-46.1,22.13);
draw_line(-46.1,22.13,0,140.13);
draw_line(0,140.13,158.57,-184.39);
draw_line(158.57,-184.39,-11.06,0);
draw_line(-11.06,0,0,0);
move_pen_rel(-125.39,250.77);
draw_curve(-125.39,250.77,9.83,12.29,22.13,18.44,36.88,18.44);
draw_curve(36.88,18.44,41.8,0,80.52,-13.52,116.17,-40.56);
draw_curve(116.17,-40.56,35.65,-27.04,53.47,-60.24,53.47,-99.57);
draw_line(53.47,-99.57,0,-25.81);
draw_curve(0,-25.81,0,-36.87,-7.38,-63.92,-22.13,-81.13);
draw_curve(-22.13,-81.13,-9.83,14.75,-36.26,46.71,-79.29,95.88);
draw_curve(-79.29,95.88,-43.02,49.17,-78.06,93.42,-105.1,132.76);
move_pen_rel(-44.25,158.57);
draw_curve(-44.25,158.57,0,2.46,7.38,25.81,22.13,70.07);
draw_curve(22.13,70.07,12.3,-12.29,33.19,-32.57,62.69,-60.85);
draw_curve(62.69,-60.85,29.5,-28.27,52.86,-52.86,70.07,-73.76);
draw_curve(70.07,-73.76,17.21,-20.9,25.81,-37.49,25.81,-49.78);
draw_line(25.81,-49.78,-18.44,-3.69);
draw_curve(-18.44,-3.69,-44.25,0,-82.36,9.22,-114.32,27.66);
draw_curve(-114.32,27.66,-31.96,18.44,-47.94,48.56,-47.94,90.35);
move_pen_rel(250.77,-114.32);
draw_curve(250.77,-114.32,-2.46,4.92,-27.04,36.88,-73.76,95.88);
draw_curve(-73.76,95.88,-34.42,36.87,-62.69,73.75,-84.82,110.63);
draw_curve(-84.82,110.63,71.3,0,119.24,-7.99,143.82,-23.97);
draw_curve(143.82,-23.97,24.59,-15.98,36.88,-54.7,36.88,-116.17);
draw_curve(36.88,-116.17,0,-29.5,-7.38,-51.63,-22.13,-66.38);
move_pen_rel(-228.64,320.83);
draw_curve(-228.64,320.83,0,12.3,2.46,27.66,7.38,46.1);
draw_curve(7.38,46.1,4.92,18.44,9.83,33.8,14.75,46.09);
draw_curve(14.75,46.09,34.42,-17.21,66.38,-43.02,95.88,-77.44);
draw_curve(95.88,-77.44,29.5,-34.42,50.4,-70.07,62.69,-106.94);
draw_curve(62.69,-106.94,-12.29,7.38,-24.59,12.91,-36.88,16.59);
draw_curve(-36.88,16.59,-12.29,3.69,-23.35,7.99,-33.19,12.91);
draw_curve(-33.19,12.91,-73.76,29.5,-110.63,50.4,-110.63,62.69);
move_pen_rel(250.77,-73.75);
draw_curve(250.77,-73.75,-56.55,54.09,-102.03,109.4,-136.44,165.94);
draw_line(-136.44,165.94,25.81,0);
draw_curve(25.81,0,12.3,0,37.49,-7.37,75.6,-22.13);
draw_curve(75.6,-22.13,38.11,-14.75,57.16,-24.58,57.16,-29.5);
draw_line(57.16,-29.5,-22.13,-114.32);
draw_line(-22.13,-114.32,0,0);
move_pen_rel(22.13,180.7);
draw_curve(22.13,180.7,-34.42,0,-70.68,6.15,-108.79,18.44);
draw_curve(-108.79,18.44,-38.11,12.29,-62.08,30.73,-71.91,55.31);
draw_line(-71.91,55.31,47.94,0);
draw_curve(47.94,0,88.51,0,132.76,-14.75,132.76,-44.25);
draw_line(132.76,-44.25,0,-29.5);
draw_line(0,-29.5,0,0);
move_pen_abs(36824.2,16620.41);
draw_curve(36824.2,16620.41,0,-122.92,22.13,-258.14,66.38,-405.65);
draw_curve(66.38,-405.65,44.25,-147.51,98.34,-274.12,162.26,-379.83);
draw_line(162.26,-379.83,7.38,3.69);
draw_curve(7.38,3.69,14.75,0,45.48,-15.98,92.19,-47.94);
draw_curve(92.19,-47.94,44.25,-29.5,72.52,-44.25,84.81,-44.25);
draw_curve(84.81,-44.25,17.21,-4.92,62.08,-15.98,134.6,-33.19);
draw_curve(134.6,-33.19,72.53,-17.21,140.75,-25.81,204.67,-25.81);
draw_line(204.67,-25.81,0,33.19);
draw_curve(0,33.19,34.42,-12.3,65.76,-19.67,94.04,-22.13);
draw_curve(94.04,-22.13,28.27,-2.46,57.16,-3.69,86.66,-3.69);
draw_curve(86.66,-3.69,76.21,0,150.58,7.37,223.11,22.13);
draw_curve(223.11,22.13,72.52,14.75,108.79,40.57,108.79,77.44);
draw_curve(108.79,77.44,61.46,0,110.02,21.51,145.67,64.54);
draw_curve(145.67,64.54,35.65,43.02,70.68,101.41,105.1,175.17);
draw_curve(105.1,175.17,12.29,27.04,25.2,51.63,38.72,73.75);
draw_curve(38.72,73.75,13.52,22.13,26.43,36.88,38.72,44.26);
draw_line(38.72,44.26,0,317.14);
draw_line(0,317.14,-66.38,47.94);
draw_line(-66.38,47.94,18.44,22.13);
draw_curve(18.44,22.13,-66.38,51.63,-211.43,77.44,-435.15,77.44);
draw_line(-435.15,77.44,-191.76,0);
draw_curve(-191.76,0,-122.93,0,-203.44,-1.23,-241.55,-3.69);
draw_curve(-241.55,-3.69,-38.11,-2.46,-112.48,-12.29,-223.11,-29.5);
draw_curve(-223.11,-29.5,-2.46,-14.75,-9.83,-22.13,-22.13,-22.13);
draw_curve(-22.13,-22.13,-4.92,0,-11.06,1.23,-18.44,3.69);
draw_curve(-18.44,3.69,-7.37,2.46,-14.75,3.69,-22.13,3.69);
draw_curve(-22.13,3.69,0,71.3,9.22,149.97,27.66,236.02);
draw_curve(27.66,236.02,18.44,86.05,46.1,148.74,82.98,188.07);
draw_curve(82.98,188.07,19.67,22.13,73.75,49.17,162.26,81.13);
draw_curve(162.26,81.13,44.25,14.75,73.75,25.81,88.5,33.19);
draw_curve(88.5,33.19,44.25,31.96,82.36,47.94,114.32,47.94);
draw_curve(114.32,47.94,56.55,0,118.01,-7.37,184.39,-22.13);
draw_curve(184.39,-22.13,66.38,-14.75,104.48,-23.35,114.32,-25.81);
draw_curve(114.32,-25.81,118.01,-31.96,212.66,-47.94,283.95,-47.94);
draw_curve(283.95,-47.94,31.96,0,53.47,14.13,64.54,42.41);
draw_curve(64.54,42.41,11.06,28.27,16.59,64.54,16.59,108.79);
draw_curve(16.59,108.79,0,46.71,-3.69,76.21,-11.06,88.5);
draw_curve(-11.06,88.5,-7.37,12.29,-20.9,20.28,-40.56,23.97);
draw_curve(-40.56,23.97,-19.67,3.69,-35.65,14.13,-47.94,31.34);
draw_curve(-47.94,31.34,-14.75,4.92,-158.57,29.5,-431.46,73.76);
draw_curve(-431.46,73.76,-103.26,0,-194.83,-2.46,-274.74,-7.37);
draw_curve(-274.74,-7.37,-79.9,-4.92,-154.27,-18.44,-223.11,-40.57);
draw_curve(-223.11,-40.57,-76.21,-24.58,-153.04,-82.36,-230.48,-173.32);
draw_curve(-230.48,-173.32,-77.44,-90.96,-141.98,-191.76,-193.61,-302.39);
draw_curve(-193.61,-302.39,-51.63,-110.63,-77.44,-205.28,-77.44,-283.96);
move_pen_rel(1165.32,-704.35);
draw_curve(1165.32,-704.35,0,19.67,22.13,49.17,66.38,88.5);
draw_curve(66.38,88.5,44.25,39.34,73.76,59,88.5,59);
draw_curve(88.5,59,14.75,0,34.42,-4.92,59,-14.75);
draw_curve(59,-14.75,24.59,-9.83,36.88,-20.9,36.88,-33.19);
draw_curve(36.88,-33.19,0,-14.75,-4.92,-36.26,-14.75,-64.54);
draw_curve(-14.75,-64.54,-9.83,-28.27,-14.75,-44.87,-14.75,-49.78);
draw_curve(-14.75,-49.78,0,7.38,-5.53,12.91,-16.59,16.59);
draw_curve(-16.59,16.59,-11.06,3.69,-20.28,5.53,-27.66,5.53);
draw_curve(-27.66,5.53,-19.67,-2.46,-42.41,-12.29,-68.22,-29.5);
draw_curve(-68.22,-29.5,-25.81,-17.21,-38.72,-36.88,-38.72,-59);
draw_curve(-38.72,-59,-71.3,0,-106.94,-17.21,-106.94,-51.63);
draw_curve(-106.94,-51.63,-4.92,0,-14.75,8.61,-29.5,25.81);
draw_curve(-29.5,25.81,-14.75,17.21,-41.79,25.81,-81.13,25.81);
draw_curve(-81.13,25.81,-12.29,0,-24.58,-4.92,-36.87,-14.75);
draw_curve(-36.87,-14.75,-12.3,-9.83,-28.28,-14.75,-47.94,-14.75);
draw_line(-47.94,-14.75,-47.94,3.69);
draw_curve(-47.94,3.69,4.92,2.46,16.59,18.44,35.03,47.94);
draw_curve(35.03,47.94,18.44,29.5,33.81,45.48,46.1,47.94);
draw_curve(46.1,47.94,4.92,0,14.13,-4.3,27.66,-12.91);
draw_curve(27.66,-12.91,13.52,-8.61,25.2,-12.91,35.03,-12.91);
draw_curve(35.03,-12.91,9.83,2.46,28.28,9.22,55.32,20.28);
draw_curve(55.32,20.28,27.04,11.06,54.09,16.59,81.13,16.59);
move_pen_rel(-992,763.36);
draw_curve(-992,763.36,22.13,0,44.87,-5.53,68.22,-16.59);
draw_curve(68.22,-16.59,23.35,-11.06,35.03,-26.43,35.03,-46.09);
draw_curve(35.03,-46.09,0,-4.92,-3.69,-12.91,-11.06,-23.97);
draw_curve(-11.06,-23.97,-7.37,-11.06,-11.06,-21.51,-11.06,-31.35);
draw_curve(-11.06,-31.35,4.92,-17.21,13.52,-38.72,25.81,-64.53);
draw_curve(25.81,-64.53,12.29,-25.81,18.44,-52.24,18.44,-79.29);
draw_curve(18.44,-79.29,0,-19.67,-4.3,-33.8,-12.91,-42.41);
draw_curve(-12.91,-42.41,-8.61,-8.61,-20.9,-16.59,-36.88,-23.97);
draw_curve(-36.88,-23.97,-15.98,-7.38,-23.97,-15.98,-23.97,-25.81);
draw_curve(-23.97,-25.81,0,-9.83,7.99,-32.57,23.97,-68.22);
draw_curve(23.97,-68.22,15.98,-35.65,23.97,-59.62,23.97,-71.91);
draw_curve(23.97,-71.91,0,-24.59,23.36,-65.15,70.07,-121.7);
draw_curve(70.07,-121.7,27.04,-36.88,47.94,-66.38,62.69,-88.5);
draw_curve(62.69,-88.5,14.75,-22.13,22.13,-44.25,22.13,-66.38);
draw_curve(22.13,-66.38,9.83,0,23.35,2.46,40.57,7.37);
draw_curve(40.57,7.37,17.21,4.92,34.42,7.37,51.63,7.37);
draw_curve(51.63,7.37,7.38,0,12.29,-6.76,14.75,-20.28);
draw_curve(14.75,-20.28,2.46,-13.52,6.15,-21.51,11.06,-23.97);
draw_curve(11.06,-23.97,19.67,-7.37,59,-11.06,118.01,-11.06);
draw_curve(118.01,-11.06,56.54,-2.46,99.57,-5.53,129.07,-9.22);
draw_curve(129.07,-9.22,29.5,-3.69,45.48,-11.68,47.94,-23.97);
draw_curve(47.94,-23.97,-27.04,-12.29,-52.86,-20.28,-77.44,-23.97);
draw_curve(-77.44,-23.97,-24.58,-3.69,-56.54,-5.54,-95.88,-5.54);
draw_curve(-95.88,-5.54,-167.17,0,-294.4,56.55,-381.68,169.64);
draw_curve(-381.68,169.64,-87.28,113.09,-130.91,255.68,-130.91,427.78);
draw_line(-130.91,427.78,118,0);
draw_line(118,0,0,22.13);
draw_line(0,22.13,-136.44,136.44);
draw_line(-136.44,136.44,0,70.07);
draw_line(0,70.07,44.25,-25.81);
draw_line(44.25,-25.81,-44.25,70.07);
draw_line(-44.25,70.07,36.88,3.69);
draw_line(36.88,3.69,0,0);
move_pen_rel(213.89,-431.46);
draw_curve(213.89,-431.46,12.29,24.59,84.2,41.18,215.73,49.79);
draw_curve(215.73,49.79,131.53,8.6,241.54,12.91,330.05,12.91);
draw_curve(330.05,12.91,44.25,0,103.26,-4.92,177.01,-14.75);
draw_curve(177.01,-14.75,68.84,-9.83,125.39,-14.75,169.64,-14.75);
draw_curve(169.64,-14.75,0,-12.3,-8.61,-37.49,-25.81,-75.6);
draw_curve(-25.81,-75.6,-17.21,-38.11,-30.73,-57.16,-40.56,-57.16);
draw_line(-40.56,-57.16,-7.38,3.69);
draw_curve(-7.38,3.69,-17.21,-51.63,-71.91,-94.65,-164.1,-129.07);
draw_curve(-164.1,-129.07,-92.19,-34.42,-170.25,-51.63,-234.17,-51.63);
draw_curve(-234.17,-51.63,-98.34,0,-184.39,23.36,-258.14,70.07);
draw_curve(-258.14,70.07,-73.76,46.71,-127.84,115.55,-162.26,206.51);
move_pen_rel(1028.87,77.44);
draw_curve(1028.87,77.44,0,36.88,-12.29,60.85,-36.88,71.91);
draw_curve(-36.88,71.91,-24.58,11.06,-60.23,16.59,-106.94,16.59);
draw_curve(-106.94,16.59,-39.33,2.46,-68.83,7.38,-88.5,14.75);
draw_curve(-88.5,14.75,-19.67,7.37,-29.5,23.35,-29.5,47.94);
draw_curve(-29.5,47.94,81.13,0,145.05,-2.46,191.76,-7.38);
draw_curve(191.76,-7.38,46.71,-4.91,74.98,-19.67,84.82,-44.25);
draw_curve(84.82,-44.25,12.29,19.67,29.5,29.5,51.63,29.5);
draw_curve(51.63,29.5,0,-19.67,-4.3,-41.18,-12.91,-64.54);
draw_curve(-12.91,-64.54,-8.61,-23.36,-12.91,-41.18,-12.91,-53.47);
draw_curve(-12.91,-53.47,0,-9.83,5.53,-18.44,16.59,-25.81);
draw_curve(16.59,-25.81,11.06,-7.37,19.67,-15.98,25.81,-25.81);
draw_curve(25.81,-25.81,6.15,-9.83,9.22,-29.5,9.22,-59);
draw_curve(9.22,-59,0,-95.88,-28.27,-143.82,-84.82,-143.82);
draw_curve(-84.82,-143.82,-24.58,0,-39.95,6.76,-46.09,20.28);
draw_curve(-46.09,20.28,-6.15,13.52,-9.22,38.72,-9.22,75.6);
draw_curve(-9.22,75.6,27.04,81.13,43.02,125.39,47.94,132.76);
draw_line(47.94,132.76,0,14.75);
draw_line(0,14.75,0,0);
move_pen_rel(-999.37,44.25);
draw_curve(-999.37,44.25,-22.13,0,-41.18,8.61,-57.16,25.81);
draw_curve(-57.16,25.81,-15.98,17.21,-23.97,36.88,-23.97,59);
draw_curve(-23.97,59,31.96,0,53.47,-6.15,64.54,-18.44);
draw_curve(64.54,-18.44,11.06,-12.29,16.59,-34.42,16.59,-66.38);
move_pen_rel(70.07,33.19);
draw_curve(70.07,33.19,-4.92,0,-19.06,11.06,-42.41,33.19);
draw_curve(-42.41,33.19,-23.35,22.13,-42.41,41.8,-57.16,59);
draw_line(-57.16,59,77.44,-14.75);
draw_curve(77.44,-14.75,4.92,0,21.51,-3.07,49.78,-9.22);
draw_curve(49.78,-9.22,28.27,-6.15,62.08,-21.51,101.41,-46.1);
draw_curve(101.41,-46.1,-7.37,-2.46,-45.48,-9.83,-114.32,-22.13);
draw_line(-114.32,-22.13,-14.75,0);
draw_line(-14.75,0,0,0);
move_pen_rel(129.07,66.38);
draw_curve(129.07,66.38,49.17,17.21,92.19,25.81,129.07,25.81);
draw_curve(129.07,25.81,22.13,0,41.18,-7.37,57.16,-22.13);
draw_curve(57.16,-22.13,15.98,-14.75,23.97,-33.19,23.97,-55.31);
draw_curve(23.97,-55.31,-122.93,0,-192.99,17.21,-210.2,51.63);
move_pen_rel(350.33,-22.13);
draw_curve(350.33,-22.13,-34.42,0,-68.22,4.3,-101.41,12.91);
draw_curve(-101.41,12.91,-33.19,8.6,-49.78,23.97,-49.78,46.09);
draw_line(-49.78,46.09,3.69,11.06);
draw_curve(3.69,11.06,4.92,0,48.56,-3.07,130.92,-9.22);
draw_curve(130.92,-9.22,82.36,-6.15,129.69,-26.43,141.98,-60.85);
draw_line(141.98,-60.85,-103.26,0);
draw_line(-103.26,0,-22.13,0);
draw_line(-22.13,0,0,0);
move_pen_rel(-708.04,265.52);
draw_curve(-708.04,265.52,-46.71,0,-76.21,6.76,-88.51,20.28);
draw_curve(-88.51,20.28,-12.29,13.52,-18.44,44.87,-18.44,94.04);
draw_curve(-18.44,94.04,29.5,0,54.7,-11.68,75.6,-35.04);
draw_curve(75.6,-35.04,20.9,-23.35,31.35,-49.78,31.35,-79.29);
move_pen_rel(14.75,51.63);
draw_curve(14.75,51.63,-4.92,7.37,-17.82,26.43,-38.72,57.16);
draw_curve(-38.72,57.16,-20.9,30.73,-31.35,60.85,-31.35,90.35);
draw_curve(-31.35,90.35,71.3,0,118.01,-9.83,140.13,-29.5);
draw_curve(140.13,-29.5,-7.37,-17.21,-19.67,-37.49,-36.87,-60.85);
draw_curve(-36.87,-60.85,-17.21,-23.36,-28.28,-42.41,-33.19,-57.16);
move_pen_rel(-44.25,206.51);
draw_curve(-44.25,206.51,12.29,7.38,22.13,21.51,29.5,42.41);
draw_curve(29.5,42.41,7.37,20.9,12.29,37.49,14.75,49.78);
draw_curve(14.75,49.78,56.55,-29.5,84.82,-76.21,84.82,-140.13);
draw_curve(84.82,-140.13,-68.84,0,-111.86,15.98,-129.07,47.94);
move_pen_rel(184.39,206.52);
draw_curve(184.39,206.52,29.5,-44.26,44.26,-72.53,44.26,-84.82);
draw_line(44.26,-84.82,-3.69,-11.06);
draw_line(-3.69,-11.06,-132.76,-18.44);
draw_line(-132.76,-18.44,-25.81,18.44);
draw_line(-25.81,18.44,118.01,95.88);
draw_line(118.01,95.88,0,0);
move_pen_rel(40.57,22.13);
draw_curve(40.57,22.13,2.46,4.92,6.15,9.22,11.06,12.91);
draw_curve(11.06,12.91,4.92,3.69,9.83,6.76,14.75,9.22);
draw_curve(14.75,9.22,22.13,-4.92,46.71,-15.98,73.75,-33.19);
draw_curve(73.75,-33.19,27.04,-17.21,40.57,-29.5,40.57,-36.88);
draw_curve(40.57,-36.88,0,-12.3,-4.3,-22.74,-12.91,-31.35);
draw_curve(-12.91,-31.35,-8.6,-8.61,-15.36,-12.91,-20.28,-12.91);
draw_curve(-20.28,-12.91,-22.13,0,-45.48,10.45,-70.07,31.34);
draw_curve(-70.07,31.34,-24.59,20.9,-36.88,41.18,-36.88,60.85);
move_pen_rel(92.19,66.38);
draw_curve(92.19,66.38,54.09,12.29,84.82,20.9,92.19,25.81);
draw_curve(92.19,25.81,12.29,12.29,19.67,18.44,22.13,18.44);
draw_curve(22.13,18.44,36.88,0,69.45,-11.68,97.72,-35.03);
draw_curve(97.72,-35.03,28.27,-23.36,42.41,-52.24,42.41,-86.66);
draw_curve(42.41,-86.66,-93.42,0,-140.13,11.06,-140.13,33.19);
draw_curve(-140.13,33.19,0,-7.38,-4.3,-17.21,-12.91,-29.5);
draw_curve(-12.91,-29.5,-8.61,-12.29,-15.37,-18.44,-20.28,-18.44);
draw_curve(-20.28,-18.44,-4.92,0,-20.28,11.68,-46.1,35.03);
draw_curve(-46.1,35.03,-25.81,23.36,-38.72,38.72,-38.72,46.1);
draw_line(-38.72,46.1,3.69,11.06);
draw_line(3.69,11.06,0,0);
move_pen_rel(250.76,25.81);
draw_curve(250.76,25.81,12.3,12.29,19.67,18.44,22.13,18.44);
draw_curve(22.13,18.44,41.8,0,90.96,-4.92,147.51,-14.75);
draw_curve(147.51,-14.75,56.54,-9.83,92.19,-15.98,106.94,-18.44);
draw_curve(106.94,-18.44,103.26,-19.67,170.86,-29.5,202.82,-29.5);
draw_line(202.82,-29.5,44.25,18.44);
draw_curve(44.25,18.44,29.5,0,56.55,-6.15,81.13,-18.44);
draw_curve(81.13,-18.44,24.59,-12.3,36.88,-31.96,36.88,-59);
draw_curve(36.88,-59,-49.17,0,-115.55,9.83,-199.14,29.5);
draw_curve(-199.14,29.5,-12.29,2.46,-33.19,7.37,-62.69,14.75);
draw_curve(-62.69,14.75,-29.5,7.37,-57.78,12.29,-84.82,14.75);
draw_curve(-84.82,14.75,-49.17,0,-101.41,1.84,-156.73,5.53);
draw_curve(-156.73,5.53,-55.31,3.69,-94.04,7.99,-116.17,12.91);
draw_line(-116.17,12.91,-22.13,25.81);
draw_line(-22.13,25.81,0,0);
move_pen_rel(1165.32,-811.3);
draw_curve(1165.32,-811.3,-29.5,-277.81,-50.4,-496,-62.69,-654.57);
draw_curve(-62.69,-654.57,-12.29,-158.57,-18.44,-317.76,-18.44,-477.56);
draw_curve(-18.44,-477.56,0,-27.04,4.3,-45.48,12.91,-55.31);
draw_curve(12.91,-55.31,8.61,-9.83,22.74,-14.75,42.41,-14.75);
draw_curve(42.41,-14.75,9.83,0,22.13,4.3,36.88,12.91);
draw_curve(36.88,12.91,14.75,8.61,27.04,12.91,36.88,12.91);
draw_curve(36.88,12.91,0,0,3.69,-2.46,11.06,-7.38);
draw_curve(11.06,-7.38,7.37,-4.92,22.13,-7.37,44.25,-7.37);
draw_curve(44.25,-7.37,17.21,0,44.25,3.69,81.13,11.06);
draw_curve(81.13,11.06,19.67,-7.37,43.02,-11.06,70.07,-11.06);
draw_curve(70.07,-11.06,24.58,0,46.09,6.15,64.54,18.44);
draw_curve(64.54,18.44,18.44,12.3,27.66,33.19,27.66,62.69);
draw_curve(27.66,62.69,0,125.38,-12.29,301.17,-36.88,527.35);
draw_curve(-36.88,527.35,-24.58,226.18,-36.88,399.5,-36.88,519.97);
draw_line(-36.88,519.97,-14.75,40.56);
draw_curve(-14.75,40.56,0,9.83,-3.07,54.09,-9.22,132.76);
draw_curve(-9.22,132.76,-6.15,78.67,-9.22,137.67,-9.22,177.01);
draw_curve(-9.22,177.01,0,19.67,-6.15,32.57,-18.44,38.72);
draw_curve(-18.44,38.72,-12.29,6.15,-35.65,9.22,-70.07,9.22);
draw_line(-70.07,9.22,-29.5,0);
draw_curve(-29.5,0,-44.25,0,-73.75,-7.38,-88.5,-22.13);
draw_line(-88.5,-22.13,-33.19,-313.46);
draw_line(-33.19,-313.46,0,0);
move_pen_rel(-7.38,-1102.63);
draw_curve(-7.38,-1102.63,2.46,2.46,6.76,9.22,12.91,20.28);
draw_curve(12.91,20.28,6.15,11.06,11.68,16.59,16.59,16.59);
draw_curve(16.59,16.59,22.13,0,33.19,-12.29,33.19,-36.88);
draw_line(33.19,-36.88,-62.69,0);
draw_line(-62.69,0,0,0);
move_pen_rel(84.82,73.76);
draw_curve(84.82,73.76,7.38,-2.46,23.35,-8.61,47.94,-18.44);
draw_curve(47.94,-18.44,24.59,-9.83,44.25,-22.13,59,-36.87);
draw_line(59,-36.87,-95.88,0);
draw_line(-95.88,0,-22.13,55.31);
draw_line(-22.13,55.31,11.06,0);
draw_line(11.06,0,0,0);
move_pen_rel(162.26,55.31);
draw_curve(162.26,55.31,-29.5,22.13,-44.25,40.57,-44.25,55.31);
draw_line(-44.25,55.31,44.25,0);
draw_line(44.25,0,0,-55.31);
draw_line(0,-55.31,0,0);
move_pen_rel(-213.89,180.7);
draw_curve(-213.89,180.7,0,51.63,8.6,84.81,25.81,99.57);
draw_curve(25.81,99.57,4.92,-14.75,15.98,-31.35,33.19,-49.78);
draw_curve(33.19,-49.78,17.21,-18.44,25.81,-31.35,25.81,-38.72);
draw_curve(25.81,-38.72,-22.13,0,-38.11,-3.69,-47.94,-11.06);
draw_curve(-47.94,-11.06,-9.83,-7.38,-14.75,-20.9,-14.75,-40.57);
draw_curve(-14.75,-40.57,0,-19.67,8.6,-41.8,25.81,-66.38);
draw_curve(25.81,-66.38,17.21,-24.59,28.28,-43.02,33.19,-55.31);
draw_line(33.19,-55.31,-73.76,36.87);
draw_curve(-73.76,36.87,-2.46,0,-3.69,24.59,-3.69,73.76);
draw_line(-3.69,73.76,-3.69,51.63);
draw_line(-3.69,51.63,0,0);
move_pen_rel(180.7,59);
draw_curve(180.7,59,-31.96,0,-59,25.81,-81.13,77.44);
draw_curve(-81.13,77.44,54.09,0,81.13,-25.81,81.13,-77.44);
move_pen_rel(-129.07,210.2);
draw_curve(-129.07,210.2,-22.13,0,-33.19,14.75,-33.19,44.26);
draw_curve(-33.19,44.26,12.29,0,22.13,-4.92,29.5,-14.75);
draw_curve(29.5,-14.75,7.38,-9.83,12.3,-19.67,14.75,-29.5);
draw_line(14.75,-29.5,-11.06,0);
draw_line(-11.06,0,0,0);
move_pen_rel(114.32,25.81);
draw_curve(114.32,25.81,-24.58,0,-43.02,11.68,-55.31,35.04);
draw_curve(-55.31,35.04,-12.29,23.35,-18.44,47.33,-18.44,71.91);
draw_curve(-18.44,71.91,24.58,0,43.02,-11.06,55.31,-33.19);
draw_curve(55.31,-33.19,12.29,-22.13,18.44,-46.71,18.44,-73.76);
move_pen_rel(-47.94,177.01);
draw_curve(-47.94,177.01,-36.87,9.83,-59,20.28,-66.38,31.35);
draw_curve(-66.38,31.35,-7.37,11.06,-11.06,38.72,-11.06,82.97);
draw_curve(-11.06,82.97,27.04,-14.75,46.71,-30.73,59,-47.94);
draw_curve(59,-47.94,12.29,-17.21,18.44,-39.33,18.44,-66.38);
move_pen_rel(-18.44,165.95);
draw_line(-18.44,165.95,36.88,0);
draw_line(36.88,0,0,-18.44);
draw_line(0,-18.44,-36.88,18.44);
draw_line(-36.88,18.44,0,0);
move_pen_rel(-40.56,236.01);
draw_curve(-40.56,236.01,0,66.38,13.52,113.09,40.56,140.13);
draw_curve(40.56,140.13,12.29,-34.42,19.67,-78.67,22.13,-132.76);
draw_curve(22.13,-132.76,2.46,-54.09,3.69,-105.72,3.69,-154.89);
draw_curve(3.69,-154.89,-41.8,0,-62.69,15.98,-62.69,47.94);
draw_line(-62.69,47.94,-3.69,99.57);
draw_line(-3.69,99.57,0,0);
move_pen_rel(-51.63,770.74);
draw_curve(-51.63,770.74,0,-122.93,14.75,-184.39,44.25,-184.39);
draw_curve(44.25,-184.39,54.09,0,102.64,3.07,145.67,9.22);
draw_curve(145.67,9.22,43.02,6.15,71.91,21.51,86.66,46.09);
draw_curve(86.66,46.09,4.92,31.96,9.22,64.54,12.91,97.72);
draw_curve(12.91,97.72,3.69,33.19,6.76,55.93,9.22,68.22);
draw_curve(9.22,68.22,0,7.37,-6.15,18.44,-18.44,33.19);
draw_curve(-18.44,33.19,-12.29,14.75,-18.44,23.36,-18.44,25.81);
draw_curve(-18.44,25.81,-9.83,-2.46,-20.28,-6.15,-31.34,-11.06);
draw_curve(-31.34,-11.06,-11.06,-4.92,-19.06,-7.37,-23.97,-7.37);
draw_curve(-23.97,-7.37,-19.67,2.46,-43.02,5.53,-70.07,9.22);
draw_curve(-70.07,9.22,-27.04,3.69,-47.94,6.76,-62.69,9.22);
draw_curve(-62.69,9.22,-27.04,0,-46.1,-4.92,-57.16,-14.75);
draw_curve(-57.16,-14.75,-11.06,-9.83,-16.59,-25.81,-16.59,-47.94);
draw_line(-16.59,-47.94,0,-33.19);
draw_line(0,-33.19,0,0);
move_pen_rel(55.31,-184.39);
draw_curve(55.31,-184.39,-12.29,0,-18.44,7.37,-18.44,22.13);
draw_curve(-18.44,22.13,0,4.92,1.84,9.22,5.53,12.91);
draw_curve(5.53,12.91,3.69,3.69,7.99,5.53,12.91,5.53);
draw_curve(12.91,5.53,4.92,0,8.61,-1.85,11.06,-5.53);
draw_curve(11.06,-5.53,2.46,-3.69,3.69,-7.99,3.69,-12.91);
draw_curve(3.69,-12.91,0,-4.92,-1.23,-9.83,-3.69,-14.75);
draw_curve(-3.69,-14.75,-2.46,-4.91,-6.15,-7.37,-11.06,-7.37);
move_pen_rel(36.88,132.76);
draw_curve(36.88,132.76,0,17.21,4.3,28.27,12.91,33.19);
draw_curve(12.91,33.19,8.61,4.92,22.74,7.37,42.41,7.37);
draw_line(42.41,7.37,11.06,0);
draw_curve(11.06,0,27.04,0,43.02,-7.37,47.94,-22.13);
draw_curve(47.94,-22.13,-12.29,-24.58,-40.56,-36.88,-84.82,-36.88);
draw_curve(-84.82,-36.88,-12.29,0,-22.13,6.15,-29.5,18.44);
endfile();
text draw: hi there!