move_pen_abs(34418.88,8078.26);
draw_line(0,0,-1083.19,1083.2);
move_pen_abs(33552.34,9167.51);
draw_line(0,0,-286.799999999996,286.799999999999);
move_pen_abs(33205.62,9514.23);
draw_line(0,0,-31.5699999999997,31.5699999999997);
move_pen_abs(34876.9,7842.95);
draw_line(0,0,-1198.23,1198.24);
move_pen_abs(33084.98,9634.87);
draw_line(0,0,-190.980000000003,190.98);
move_pen_abs(33931.57,9010.99);
draw_line(0,0,-594.269999999997,594.27);
move_pen_abs(33279.56,9663);
draw_line(0,0,-141.689999999995,141.700000000001);
move_pen_abs(34989.38,7953.18);
draw_line(0,0,-793.32,793.32);
move_pen_abs(33061.9,9880.66);
draw_line(0,0,-323.530000000002,323.530000000001);
move_pen_abs(35369.94,7795.33);
draw_line(0,0,-89.8500000000058,89.8599999999997);
move_pen_abs(35200.46,7964.81);
draw_line(0,0,-1789.77,1789.78);
move_pen_abs(33350.72,9814.56);
draw_line(0,0,-245.209999999999,245.200000000001);
move_pen_abs(35491.98,7673.29);
draw_line(0,0,-57.3600000000006,57.3599999999997);
move_pen_abs(33013.09,10152.19);
draw_line(0,0,-372.399999999998,372.4);
move_pen_abs(35537.2,7850.79);
draw_line(0,0,-226.18,226.17);
move_pen_abs(35232.71,8155.28);
draw_line(0,0,-1747.79,1747.79);
move_pen_abs(33425.55,9962.44);
draw_line(0,0,-362.690000000002,362.68);
move_pen_abs(35790.87,7597.11);
draw_line(0,0,-193.970000000001,193.98);
move_pen_abs(32943.61,10444.38);
draw_line(0,0,-380.84,380.83);
move_pen_abs(35706.22,7904.47);
draw_line(0,0,-364.260000000002,364.259999999999);
move_pen_abs(35264.95,8345.74);
draw_line(0,0,-1705.23,1705.23);
move_pen_abs(33500.45,10110.24);
draw_line(0,0,-507.209999999999,507.210000000001);
move_pen_abs(36045.18,7565.52);
draw_line(0,0,-275.07,275.07);
move_pen_abs(32853.7,10756.99);
draw_line(0,0,-354.509999999998,354.51);
move_pen_abs(35880.86,7952.55);
draw_line(0,0,-507.959999999999,507.96);
move_pen_abs(35297.2,8536.21);
draw_line(0,0,-1662.24,1662.24);
move_pen_abs(33575.91,10257.5);
draw_line(0,0,-688.070000000007,688.07);
move_pen_abs(36287.23,7546.18);
draw_line(0,0,-335.380000000005,335.38);
move_pen_abs(32738.07,11095.34);
draw_line(0,0,-288.09,288.09);
move_pen_abs(36066.21,7989.91);
draw_line(0,0,-662.370000000003,662.370000000001);
move_pen_abs(35329.44,8726.68);
draw_line(0,0,-1618.87,1618.86);
move_pen_abs(33644.91,10411.2);
draw_line(0,0,-917.730000000003,917.74);
move_pen_abs(36521,7535.12);
draw_line(0,0,-379.879999999997,379.88);
move_pen_abs(32571.24,11484.87);
draw_line(0,0,-151.440000000002,151.439999999999);
move_pen_abs(36259.16,8019.67);
draw_line(0,0,-824.380000000005,824.379999999999);
move_pen_abs(35361.69,8917.14);
draw_line(0,0,-1535.39,1535.38);
move_pen_abs(33706.43,10572.39);
draw_line(0,0,-1226.76,1226.77);
move_pen_abs(36747.94,7530.89);
draw_line(0,0,-410.040000000001,410.04);
move_pen_abs(36462.11,8039.42);
draw_line(0,0,-996.389999999999,996.4);
move_pen_abs(35393.93,9107.61);
draw_line(0,0,-1362.19,1362.19);
move_pen_abs(33951.61,10549.92);
draw_line(0,0,-84.8600000000006,84.8700000000008);
move_pen_abs(33759.71,10741.82);
draw_line(33759.71,10741.82,-840.34,840.34);
move_pen_rel(-75.21,75.21);
draw_line(-75.21,75.21,-374.99,374.99);
move_pen_abs(36968.57,7532.97);
draw_line(0,0,-425.099999999999,425.099999999999);
move_pen_abs(36678.22,8046.04);
draw_line(0,0,-1181.57,1181.56);
move_pen_abs(35422.91,9301.34);
draw_line(0,0,-1170.14000000001,1170.14);
move_pen_abs(34172.2,10552.05);
draw_line(0,0,-237.659999999996,237.66);
move_pen_abs(33803.54,10920.72);
draw_line(33803.54,10920.72,-801.38,801.38);
move_pen_rel(-242.38,242.38);
draw_line(-242.38,242.38,-172.49,172.49);
move_pen_abs(37182.79,7541.46);
draw_line(0,0,-420.550000000003,420.56);
move_pen_abs(32426.09,12298.16);
draw_line(0,0,-63.0499999999993,63.0599999999995);
move_pen_abs(32531.21,12193.04);
draw_line(0,0,-39.7599999999984,39.7599999999984);
move_pen_abs(36910.3,8036.67);
draw_line(0,0,-1365.49000000001,1365.48);
move_pen_abs(35418.73,9528.23);
draw_line(0,0,-902.550000000003,902.550000000001);
move_pen_abs(34409.06,10537.91);
draw_line(0,0,-403.119999999995,403.110000000001);
move_pen_abs(33835.98,11110.98);
draw_line(0,0,-755.040000000001,755.040000000001);
move_pen_abs(33951.19,10995.78);
draw_line(0,0,-54.3199999999997,54.3099999999995);
move_pen_abs(37389.9,7557.06);
draw_line(0,0,-389.620000000003,389.62);
move_pen_abs(32491.79,12455.17);
draw_line(0,0,-134.540000000001,134.539999999999);
move_pen_abs(32645.35,12301.61);
draw_line(0,0,-100.439999999999,100.439999999999);
move_pen_abs(37158.82,8010.85);
draw_line(0,0,-1480.41,1480.41);
move_pen_abs(35616.24,9553.43);
draw_line(0,0,-56.4799999999959,56.4799999999996);
move_pen_abs(35258.02,9911.65);
draw_line(0,0,-382.659999999996,382.66);
move_pen_abs(35476.44,9693.23);
draw_line(35476.44,9693.23,-62.18,62.18);
move_pen_rel(-717.11,717.11);
draw_line(-717.11,717.11,-618.23,618.23);
move_pen_abs(33853.74,11315.93);
draw_line(0,0,-694.239999999998,694.24);
move_pen_abs(34027.74,11141.93);
draw_line(0,0,-107.839999999997,107.84);
move_pen_abs(37588.66,7581.01);
draw_line(0,0,-330.350000000006,330.349999999999);
move_pen_abs(32536.1,12633.57);
draw_line(0,0,-170.379999999997,170.380000000001);
move_pen_abs(37420.81,7971.57);
draw_line(0,0,-1593.93,1593.93);
move_pen_abs(35770.6,9621.78);
draw_line(0,0,-183.129999999997,183.129999999999);
move_pen_abs(35516.09,9876.29);
draw_line(0,0,-1363.28,1363.28);
move_pen_abs(33850.82,11541.56);
draw_line(0,0,-612.059999999998,612.07);
move_pen_abs(34102.17,11290.21);
draw_line(0,0,-173.809999999998,173.810000000001);
move_pen_abs(37776.61,7615.78);
draw_line(0,0,-233.739999999998,233.740000000001);
move_pen_abs(32559.81,12832.57);
draw_line(0,0,-179.370000000003,179.370000000001);
move_pen_abs(37722.32,7892.78);
draw_line(0,0,-1737.56,1737.55);
move_pen_abs(35922.32,9692.78);
draw_line(0,0,-299.659999999996,299.66);
move_pen_abs(35551.65,10063.44);
draw_line(0,0,-1324.29,1324.3);
move_pen_abs(33813.91,11801.19);
draw_line(0,0,-493.290000000001,493.289999999999);
move_pen_abs(34175.66,11439.44);
draw_line(0,0,-263.860000000001,263.859999999999);
move_pen_abs(37948.74,7666.35);
draw_line(0,0,-98.989999999998,98.9899999999998);
move_pen_abs(32566.49,13048.6);
draw_line(0,0,-167.320000000003,167.33);
move_pen_abs(38054.73,7783.07);
draw_line(0,0,-1901.3,1901.3);
move_pen_abs(36084.79,9753.02);
draw_line(0,0,-431.010000000002,431);
move_pen_abs(35585.54,10252.27);
draw_line(0,0,-1283.17,1283.17);
move_pen_abs(33697.24,12140.56);
draw_line(0,0,-287.919999999998,287.92);
move_pen_abs(34248.68,11589.13);
draw_line(0,0,-401.029999999999,401.02);
move_pen_abs(32563.23,13274.57);
draw_line(0,0,-142.310000000001,142.309999999999);
move_pen_abs(38109.45,7951.06);
draw_line(0,0,-1774.25999999999,1774.26);
move_pen_abs(36262.74,9797.78);
draw_line(0,0,-579.849999999999,579.849999999999);
move_pen_abs(38233.11,7827.4);
draw_line(0,0,-18.0900000000038,18.1000000000004);
move_pen_abs(35618.25,10442.26);
draw_line(0,0,-1240.52,1240.52);
move_pen_abs(34321.56,11738.95);
draw_line(0,0,-747.379999999997,747.379999999999);
move_pen_abs(32560.32,13500.19);
draw_line(0,0,-115.060000000001,115.07);
move_pen_abs(38065.86,8217.37);
draw_line(0,0,-1532.23,1532.23);
move_pen_abs(36453.44,9829.78);
draw_line(0,0,-737.310000000005,737.309999999999);
move_pen_abs(38323.26,7959.96);
draw_line(0,0,-161.209999999999,161.22);
move_pen_abs(35649.92,10633.31);
draw_line(0,0,-1196.56,1196.56);
move_pen_abs(34394.6,11888.63);
draw_line(0,0,-809.540000000001,809.540000000001);
move_pen_abs(38462.21,7821.02);
draw_line(0,0,-90.1299999999974,90.1299999999992);
move_pen_abs(32568.67,13714.56);
draw_line(0,0,-96.75,96.75);
move_pen_abs(38022.27,8483.67);
draw_line(0,0,-1270.05,1270.05);
move_pen_abs(36660.76,9845.18);
draw_line(0,0,-918,918);
move_pen_abs(38412.93,8093.01);
draw_line(0,0,-294.590000000004,294.58);
move_pen_abs(35680.46,10825.48);
draw_line(0,0,-1151.28,1151.28);
move_pen_abs(34468.19,12037.75);
draw_line(0,0,-786.380000000005,786.370000000001);
move_pen_abs(38620.47,7885.47);
draw_line(0,0,-160.25,160.25);
move_pen_abs(32588.77,13917.17);
draw_line(0,0,-87.9500000000007,87.9400000000005);
move_pen_abs(37978.69,8749.96);
draw_line(0,0,-985.230000000003,985.220000000001);
move_pen_abs(36891.3,9837.34);
draw_line(0,0,-1120.76,1120.76);
move_pen_abs(38508.26,8220.39);
draw_line(0,0,-431.599999999999,431.6);
move_pen_abs(35709.52,11019.13);
draw_line(0,0,-1104.42,1104.42);
move_pen_abs(34543.13,12185.52);
draw_line(0,0,-766.219999999994,766.209999999999);
move_pen_abs(38769.93,7958.72);
draw_line(0,0,-210.540000000001,210.54);
move_pen_abs(32618.48,14110.17);
draw_line(0,0,-86.3299999999981,86.3199999999997);
move_pen_abs(37935.09,9016.26);
draw_line(0,0,-663.649999999994,663.66);
move_pen_abs(37157.08,9794.28);
draw_line(0,0,-1350.24000000001,1350.23);
move_pen_abs(38610.69,8340.66);
draw_line(0,0,-575.230000000003,575.23);
move_pen_abs(35735.79,11215.56);
draw_line(0,0,-1054.98,1054.98);
move_pen_abs(34614.69,12336.66);
draw_line(0,0,-741.450000000004,741.450000000001);
move_pen_abs(38913.23,8038.12);
draw_line(0,0,-247.270000000004,247.27);
move_pen_abs(32657.12,14294.24);
draw_line(0,0,-91.0299999999988,91.0300000000007);
move_pen_abs(37891.51,9282.56);
draw_line(0,0,-234.620000000003,234.620000000001);
move_pen_abs(37484.18,9689.89);
draw_line(0,0,-1616.36,1616.36);
move_pen_abs(38718.99,8455.08);
draw_line(0,0,-725.919999999998,725.92);
move_pen_abs(35733.65,11440.42);
draw_line(0,0,-847.709999999999,847.709999999999);
move_pen_abs(34669.02,12505.05);
draw_line(0,0,-698.059999999998,698.060000000001);
move_pen_abs(34796.37,12377.7);
draw_line(0,0,-28.7400000000052,28.7399999999998);
move_pen_abs(39051.62,8122.45);
draw_line(0,0,-273.330000000002,273.330000000001);
move_pen_abs(32703.51,14470.56);
draw_line(0,0,-100.23,100.24);
move_pen_abs(37848.59,9548.19);
draw_line(0,0,-1848.07,1848.07);
move_pen_abs(38832.61,8564.17);
draw_line(0,0,-868.18,868.18);
move_pen_abs(35606.2,11790.58);
draw_line(0,0,-398.389999999999,398.379999999999);
move_pen_abs(35936.11,11460.67);
draw_line(0,0,-63.7300000000032,63.7299999999996);
move_pen_abs(34704.6,12692.18);
draw_line(0,0,-634.119999999995,634.119999999999);
move_pen_abs(35794.22,11602.56);
draw_line(35794.22,11602.56,-53.04,53.04);
move_pen_rel(-677.6,677.6);
draw_line(-677.6,677.6,-236.27,236.27);
move_pen_abs(39185.8,8210.98);
draw_line(0,0,-290.32,290.32);
move_pen_abs(32756.08,14640.7);
draw_line(0,0,-111.330000000002,111.33);
move_pen_abs(37804.66,9814.83);
draw_line(0,0,-1648.45,1648.45);
move_pen_abs(38951.75,8667.74);
draw_line(0,0,-945.75,945.74);
move_pen_abs(37943.63,9675.86);
draw_line(0,0,-23.9399999999951,23.9399999999987);
move_pen_abs(36094.65,11524.83);
draw_line(0,0,-195.700000000004,195.710000000001);
move_pen_abs(34716.74,12902.75);
draw_line(0,0,-544.059999999998,544.059999999999);
move_pen_abs(35832.41,11787.07);
draw_line(0,0,-933.540000000001,933.550000000001);
move_pen_abs(34844.75,12774.74);
draw_line(0,0,-48.9300000000003,48.9300000000003);
move_pen_abs(39316.05,8303.44);
draw_line(0,0,-298.950000000004,298.949999999999);
move_pen_abs(32759.56,14859.93);
draw_line(0,0,-66.4000000000015,66.3999999999996);
move_pen_abs(37760.74,10081.46);
draw_line(0,0,-1432.82,1432.82);
move_pen_abs(39076.63,8765.57);
draw_line(0,0,-1005.32,1005.32);
move_pen_abs(38007.33,9834.87);
draw_line(0,0,-143.870000000003,143.859999999999);
move_pen_abs(36262.19,11580.01);
draw_line(0,0,-333.230000000003,333.23);
move_pen_abs(34689.13,13153.07);
draw_line(0,0,-409.099999999999,409.1);
move_pen_abs(35866.2,11976);
draw_line(0,0,-892.459999999999,892.459999999999);
move_pen_abs(34916.8,12925.39);
draw_line(0,0,-125.18,125.190000000001);
move_pen_abs(39442.33,8399.86);
draw_line(0,0,-299.270000000004,299.279999999999);
move_pen_abs(32879.42,14962.78);
draw_line(0,0,-45.5499999999956,45.5499999999993);
move_pen_abs(37716.81,10348.1);
draw_line(0,0,-1199.61,1199.61);
move_pen_abs(39207.53,8857.38);
draw_line(0,0,-1060.87,1060.87);
move_pen_abs(38085.69,9979.22);
draw_line(0,0,-271.75,271.75);
move_pen_abs(36443.41,11621.51);
draw_line(0,0,-482.890000000007,482.879999999999);
move_pen_abs(35898.4,12166.51);
draw_line(0,0,-848.270000000004,848.27);
move_pen_abs(34991.67,13073.25);
draw_line(0,0,-277.040000000001,277.030000000001);
move_pen_abs(39564.35,8500.57);
draw_line(0,0,-290.979999999996,290.970000000001);
move_pen_abs(32957.61,15107.3);
draw_line(0,0,-139.290000000001,139.290000000001);
move_pen_abs(37672.89,10614.74);
draw_line(0,0,-945.150000000001,945.139999999999);
move_pen_abs(39344.74,8942.88);
draw_line(0,0,-1108.43,1108.43);
move_pen_abs(38178.35,10109.28);
draw_line(0,0,-411.150000000001,411.139999999999);
move_pen_abs(36643.57,11644.05);
draw_line(0,0,-650.639999999999,650.650000000001);
move_pen_abs(35929.65,12357.98);
draw_line(0,0,-802.480000000003,802.470000000001);
move_pen_abs(35066.53,13221.09);
draw_line(0,0,-574.830000000002,574.83);
move_pen_abs(39681.24,8606.38);
draw_line(0,0,-272.839999999997,272.84);
move_pen_abs(33030.21,15257.41);
draw_line(0,0,-77.5599999999977,77.5599999999995);
move_pen_abs(37628.96,10881.37);
draw_line(0,0,-649.540000000001,649.539999999999);
move_pen_abs(39488.58,9021.75);
draw_line(0,0,-1146.54,1146.55);
move_pen_abs(38285.59,10224.74);
draw_line(0,0,-562.739999999998,562.74);
move_pen_abs(36872.28,11638.05);
draw_line(0,0,-846.5,846.5);
move_pen_abs(35960.13,12550.2);
draw_line(0,0,-755.949999999997,755.949999999999);
move_pen_abs(33088.46,15421.87);
draw_line(0,0,-99.1599999999962,99.1599999999999);
move_pen_abs(35141.39,13368.94);
draw_line(0,0,-540.360000000001,540.359999999999);
move_pen_abs(39791.2,8719.13);
draw_line(0,0,-242.349999999999,242.35);
move_pen_abs(32930.98,15579.35);
draw_line(0,0,-37.6200000000026,37.619999999999);
move_pen_abs(37585.04,11148.01);
draw_line(0,0,-295.5,295.5);
move_pen_abs(39639.35,9093.7);
draw_line(0,0,-1173.59,1173.59);
move_pen_abs(38408.35,10324.7);
draw_line(0,0,-726.779999999999,726.779999999999);
move_pen_abs(37151.78,11581.27);
draw_line(0,0,-1093.07,1093.07);
move_pen_abs(35989.77,12743.28);
draw_line(0,0,-709.509999999995,709.51);
move_pen_abs(33207.98,15525.07);
draw_line(0,0,-106.720000000001,106.710000000001);
move_pen_abs(35216.26,13516.79);
draw_line(0,0,-502.779999999999,502.779999999999);
move_pen_abs(39895.57,8837.47);
draw_line(0,0,-199.550000000003,199.560000000001);
move_pen_abs(33048.88,15684.17);
draw_line(0,0,-110.049999999996,110.049999999999);
move_pen_abs(39797.22,9158.53);
draw_line(0,0,-1188.11,1188.12);
move_pen_abs(38547.94,10407.81);
draw_line(0,0,-899.850000000006,899.85);
move_pen_abs(37532.14,11423.61);
draw_line(0,0,-1441.25,1441.26);
move_pen_abs(36011.77,12943.98);
draw_line(0,0,-658.619999999995,658.620000000001);
move_pen_abs(33307.35,15648.4);
draw_line(0,0,-99.3399999999965,99.3500000000004);
move_pen_abs(35282.36,13673.4);
draw_line(0,0,-453.660000000003,453.65);
move_pen_abs(39995.41,8960.35);
draw_line(0,0,-143.170000000006,143.17);
move_pen_abs(33152.62,15803.14);
draw_line(0,0,-159.620000000003,159.610000000001);
move_pen_abs(39961.89,9216.57);
draw_line(0,0,-1188.45,1188.45);
move_pen_abs(38703.28,10475.19);
draw_line(0,0,-1024.84,1024.84);
move_pen_abs(37502.55,11675.92);
draw_line(0,0,-1325.96000000001,1325.95);
move_pen_abs(35980.75,13197.72);
draw_line(0,0,-436.339999999997,436.33);
move_pen_abs(33414.96,15763.51);
draw_line(0,0,-106.889999999999,106.889999999999);
move_pen_abs(35324.76,13853.7);
draw_line(0,0,-377.07,377.08);
move_pen_abs(40085.85,9092.62);
draw_line(0,0,-62.6999999999971,62.6899999999987);
move_pen_abs(33248.84,15929.62);
draw_line(0,0,-197.909999999996,197.92);
move_pen_abs(40130.13,9271.04);
draw_line(0,0,-1170.94,1170.95);
move_pen_abs(38878.06,10523.12);
draw_line(0,0,-1144.17,1144.17);
move_pen_abs(37457.75,11943.42);
draw_line(0,0,-1140.12,1140.12);
move_pen_abs(37680.06,11721.12);
draw_line(0,0,-124.269999999997,124.269999999999);
move_pen_abs(33531.2,15869.97);
draw_line(0,0,-129.659999999996,129.67);
move_pen_abs(36246.36,13154.81);
draw_line(0,0,-95.2099999999991,95.2100000000009);
move_pen_abs(35320.91,14080.27);
draw_line(0,0,-231.700000000004,231.689999999999);
move_pen_abs(33339.79,16061.38);
draw_line(0,0,-228.550000000003,228.550000000001);
move_pen_abs(36081.11,13320.06);
draw_line(36081.11,13320.06,-121.46,121.46);
move_pen_rel(-175.39,175.39);
draw_line(-175.39,175.39,-283.15,283.15);
move_pen_abs(35433.46,13967.71);
draw_line(0,0,-9.77999999999884,9.79000000000087);
move_pen_abs(40082.37,9541.52);
draw_line(0,0,-917.260000000002,917.26);
move_pen_abs(39077.29,10546.6);
draw_line(0,0,-1270.52,1270.52);
move_pen_abs(37411.05,12212.84);
draw_line(0,0,-937.32,937.32);
move_pen_abs(37748.58,11875.31);
draw_line(0,0,-240.779999999999,240.780000000001);
move_pen_abs(33656.55,15967.34);
draw_line(0,0,-167.760000000002,167.76);
move_pen_abs(36400.1,13223.79);
draw_line(0,0,-220.260000000002,220.259999999998);
move_pen_abs(33426.34,16197.55);
draw_line(0,0,-253.029999999999,253.030000000002);
move_pen_abs(36119.66,13504.23);
draw_line(0,0,-547.700000000004,547.700000000001);
move_pen_abs(35517.34,14106.55);
draw_line(0,0,-331.309999999998,331.310000000001);
move_pen_abs(39852.23,9994.37);
draw_line(0,0,-464.620000000003,464.609999999999);
move_pen_abs(39300.3,10546.3);
draw_line(0,0,-1403.49000000001,1403.49);
move_pen_abs(37367.4,12479.2);
draw_line(0,0,-707.290000000001,707.289999999999);
move_pen_abs(40240.94,9605.66);
draw_line(0,0,-194.520000000004,194.52);
move_pen_abs(37838.18,12008.42);
draw_line(0,0,-375.160000000003,375.15);
move_pen_abs(33791.56,16055.04);
draw_line(0,0,-221.369999999995,221.369999999999);
move_pen_abs(36583.86,13262.74);
draw_line(0,0,-370.169999999998,370.17);
move_pen_abs(33508.42,16338.18);
draw_line(0,0,-271.549999999996,271.540000000001);
move_pen_abs(36151.91,13694.69);
draw_line(0,0,-506.600000000006,506.6);
move_pen_abs(40346.71,9499.89);
draw_line(0,0,-31.3399999999965,31.3299999999999);
move_pen_abs(35590.58,14256.02);
draw_line(0,0,-289.360000000001,289.35);
move_pen_abs(39622.09,10447.22);
draw_line(0,0,-1.31999999999971,1.32000000000153);
move_pen_abs(39530.65,10538.66);
draw_line(0,0,-1526.02,1526.02);
move_pen_abs(37336.41,12732.9);
draw_line(0,0,-417.410000000003,417.41);
move_pen_abs(40264.41,9804.9);
draw_line(0,0,-435,435);
move_pen_abs(37943.38,12125.93);
draw_line(0,0,-522.5,522.5);
move_pen_abs(33937.03,16132.28);
draw_line(0,0,-290.940000000002,290.940000000001);
move_pen_abs(36803.52,13265.78);
draw_line(0,0,-554.589999999997,554.599999999999);
move_pen_abs(33584.25,16485.06);
draw_line(0,0,-282.5,282.5);
move_pen_abs(36181.05,13888.26);
draw_line(0,0,-460.490000000005,460.49);
move_pen_abs(40430.81,9638.49);
draw_line(0,0,-107.959999999999,107.969999999999);
move_pen_abs(35663.5,14405.81);
draw_line(0,0,-241.82,241.82);
move_pen_abs(39438.04,10853.98);
draw_line(0,0,-1306.23,1306.22);
move_pen_abs(40287.88,10004.14);
draw_line(0,0,-618.049999999996,618.040000000001);
move_pen_abs(38067.75,12224.26);
draw_line(0,0,-679.68,679.68);
move_pen_abs(34093.76,16198.26);
draw_line(0,0,-377.620000000003,377.620000000001);
move_pen_abs(37117.66,13174.35);
draw_line(0,0,-838.960000000006,838.969999999999);
move_pen_abs(33650.3,16641.72);
draw_line(0,0,-282.410000000003,282.399999999998);
move_pen_abs(36207.2,14084.82);
draw_line(0,0,-408.43,408.42);
move_pen_abs(40501.25,9790.77);
draw_line(0,0,-152.709999999999,152.709999999999);
move_pen_abs(35738.36,14553.66);
draw_line(0,0,-198.580000000002,198.57);
move_pen_abs(39194.75,11319.98);
draw_line(0,0,-913.57,913.57);
move_pen_abs(40311.35,10203.39);
draw_line(0,0,-719.309999999998,719.300000000001);
move_pen_abs(39506.31,11008.42);
draw_line(0,0,-136.489999999998,136.49);
move_pen_abs(38214.56,12300.18);
draw_line(0,0,-823.239999999998,823.23);
move_pen_abs(34262.25,16252.48);
draw_line(0,0,-483.940000000002,483.939999999999);
move_pen_abs(37242.02,13272.71);
draw_line(0,0,-929.399999999994,929.400000000001);
move_pen_abs(33708.16,16806.57);
draw_line(0,0,-272.790000000001,272.799999999999);
move_pen_abs(36236.71,14278.02);
draw_line(0,0,-248.809999999998,248.809999999999);
move_pen_abs(40564.87,9949.87);
draw_line(0,0,-181.860000000001,181.849999999999);
move_pen_abs(35889.67,14625.07);
draw_line(0,0,-7.55999999999767,7.55000000000109);
move_pen_abs(38974,11763.44);
draw_line(0,0,-516.629999999997,516.629999999999);
move_pen_abs(40346.64,10390.8);
draw_line(0,0,-787.769999999997,787.77);
move_pen_abs(39483.26,11254.18);
draw_line(0,0,-325.540000000001,325.539999999999);
move_pen_abs(38386.09,12351.35);
draw_line(0,0,-938.779999999999,938.779999999999);
move_pen_abs(34407.21,16330.23);
draw_line(0,0,-576.449999999997,576.450000000001);
move_pen_abs(37202.7,13534.74);
draw_line(0,0,-795.439999999995,795.440000000001);
move_pen_abs(33758.28,16979.17);
draw_line(0,0,-254.019999999997,254.010000000002);
move_pen_abs(37388.46,13348.98);
draw_line(0,0,-98.25,98.25);
move_pen_abs(40624,10113.44);
draw_line(0,0,-200.790000000001,200.789999999999);
move_pen_abs(36272.24,14465.2);
draw_line(0,0,-330.369999999995,330.369999999999);
move_pen_abs(35888.92,14848.52);
draw_line(0,0,-115.25,115.26);
move_pen_abs(38742.02,12218.13);
draw_line(0,0,-73.6399999999994,73.6400000000012);
move_pen_abs(40391.65,10568.5);
draw_line(0,0,-838.610000000001,838.610000000001);
move_pen_abs(39470.47,11489.68);
draw_line(0,0,-535.279999999999,535.279999999999);
move_pen_abs(38582.59,12377.56);
draw_line(0,0,-1049.14999999999,1049.14);
move_pen_abs(34462.66,16497.49);
draw_line(0,0,-590.880000000005,590.879999999997);
move_pen_abs(37153.11,13807.04);
draw_line(0,0,-580.82,580.82);
move_pen_abs(33800.17,17159.98);
draw_line(0,0,-225.309999999998,225.310000000001);
move_pen_abs(37474.13,13486.02);
draw_line(0,0,-231.439999999995,231.439999999999);
move_pen_abs(40679.68,10280.47);
draw_line(0,0,-211.790000000001,211.790000000001);
move_pen_abs(36507.58,14452.57);
draw_line(0,0,-135.560000000005,135.559999999999);
move_pen_abs(34650.85,16309.3);
draw_line(0,0,-130.349999999999,130.350000000002);
move_pen_abs(36302.31,14657.83);
draw_line(0,0,-285.159999999996,285.17);
move_pen_abs(35963.94,14996.21);
draw_line(0,0,-74.9000000000015,74.9000000000015);
move_pen_abs(40443.13,10739.74);
draw_line(0,0,-877.899999999994,877.9);
move_pen_abs(39485.26,11697.6);
draw_line(0,0,-733.990000000005,734);
move_pen_abs(38532.02,12650.85);
draw_line(0,0,-886.489999999998,886.48);
move_pen_abs(34505.98,16676.89);
draw_line(0,0,-605.520000000004,605.52);
move_pen_abs(37112.18,14070.69);
draw_line(0,0,-321.690000000002,321.689999999999);
move_pen_abs(33832.33,17350.54);
draw_line(0,0,-184.650000000001,184.649999999998);
move_pen_abs(37585.1,13597.77);
draw_line(0,0,-380.639999999999,380.629999999999);
move_pen_abs(40732.44,10450.43);
draw_line(0,0,-216.029999999999,216.029999999999);
move_pen_abs(36704.91,14477.96);
draw_line(0,0,-304.820000000007,304.810000000001);
move_pen_abs(34882,16300.87);
draw_line(0,0,-309.699999999997,309.690000000001);
move_pen_abs(36332.39,14850.48);
draw_line(0,0,-236.800000000003,236.790000000001);
move_pen_abs(36030.26,15152.6);
draw_line(0,0,-16.6100000000006,16.619999999999);
move_pen_abs(40499.7,10905.87);
draw_line(0,0,-909.659999999996,909.67);
move_pen_abs(39521.78,11883.8);
draw_line(0,0,-831.339999999997,831.34);
move_pen_abs(38292.05,13113.52);
draw_line(0,0,-502.380000000005,502.389999999999);
move_pen_abs(34542.44,16863.14);
draw_line(0,0,-624.810000000005,624.799999999999);
move_pen_abs(38601.02,12804.56);
draw_line(0,0,-120,119.99);
move_pen_abs(33851.42,17554.15);
draw_line(0,0,-127.549999999996,127.549999999999);
move_pen_abs(37726.46,13679.11);
draw_line(0,0,-562.82,562.82);
move_pen_abs(40782.46,10623.11);
draw_line(0,0,-213.959999999999,213.959999999999);
move_pen_abs(36985.65,14419.93);
draw_line(0,0,-552.440000000002,552.43);
move_pen_abs(35146.46,16259.12);
draw_line(0,0,-535.330000000002,535.33);
move_pen_abs(36362.45,15043.12);
draw_line(0,0,-190.369999999995,190.369999999999);
move_pen_abs(40560.55,11067.74);
draw_line(0,0,-922.030000000006,922.02);
move_pen_abs(39573.37,12054.92);
draw_line(0,0,-893.230000000003,893.23);
move_pen_abs(38060.57,13567.72);
draw_line(0,0,-88.4499999999971,88.4500000000007);
move_pen_abs(34566.67,17061.61);
draw_line(0,0,-640.580000000002,640.59);
move_pen_abs(38600.65,13027.64);
draw_line(0,0,-343.349999999999,343.34);
move_pen_abs(33849.16,17779.12);
draw_line(0,0,-41.9400000000023,41.9400000000023);
move_pen_abs(37895.64,13732.64);
draw_line(0,0,-670.760000000002,670.77);
move_pen_abs(40829.81,10798.47);
draw_line(0,0,-205.619999999995,205.630000000001);
move_pen_abs(37020.08,14608.2);
draw_line(0,0,-542.060000000005,542.07);
move_pen_abs(35438.55,16189.73);
draw_line(0,0,-799.75,799.75);
move_pen_abs(37166.19,14462.1);
draw_line(0,0,-49.2900000000009,49.2799999999988);
move_pen_abs(40625.25,11225.74);
draw_line(0,0,-921.209999999999,921.219999999999);
move_pen_abs(39642.22,12208.77);
draw_line(0,0,-938.200000000004,938.199999999999);
move_pen_abs(35844.71,16006.28);
draw_line(0,0,-1013.44,1013.44);
move_pen_abs(38631.49,13219.5);
draw_line(0,0,-542.68,542.68);
move_pen_abs(37851.67,13999.32);
draw_line(0,0,-504.290000000001,504.290000000001);
move_pen_abs(40874.26,10976.73);
draw_line(0,0,-190.520000000004,190.52);
move_pen_abs(36978.53,14872.46);
draw_line(0,0,-277.589999999997,277.59);
move_pen_abs(37284.63,14566.36);
draw_line(0,0,-209.519999999997,209.519999999999);
move_pen_abs(36618.3,15232.69);
draw_line(0,0,-245.110000000001,245.109999999999);
move_pen_abs(40693.67,11380.04);
draw_line(0,0,-912.150000000001,912.15);
move_pen_abs(34809.17,17264.54);
draw_line(0,0,-779.860000000001,779.849999999999);
move_pen_abs(39727.06,12346.65);
draw_line(0,0,-969.189999999995,969.190000000001);
move_pen_abs(36116.96,15956.75);
draw_line(0,0,-1243.17,1243.17);
move_pen_abs(38697.85,13375.86);
draw_line(0,0,-635.110000000001,635.109999999999);
move_pen_abs(37616.44,14457.26);
draw_line(0,0,-74.9200000000055,74.9300000000003);
move_pen_abs(40915.22,11158.49);
draw_line(0,0,-167.380000000005,167.380000000001);
move_pen_abs(37455.73,14617.98);
draw_line(0,0,-422.420000000006,422.41);
move_pen_abs(37992.19,14081.52);
draw_line(0,0,-182.970000000001,182.969999999999);
move_pen_abs(36838.76,15234.94);
draw_line(0,0,-321.910000000003,321.92);
move_pen_abs(36334.27,15739.44);
draw_line(0,0,-155.609999999993,155.609999999999);
move_pen_abs(40768.51,11527.91);
draw_line(40768.51,11527.91,-188.5,188.5);
move_pen_rel(-361.47,361.47);
draw_line(-361.47,361.47,-342.91,342.91);
move_pen_abs(34980.89,17315.53);
draw_line(0,0,-801.720000000001,801.710000000003);
move_pen_abs(39819.29,12477.13);
draw_line(0,0,-977.239999999998,977.240000000002);
move_pen_abs(36203.05,16093.37);
draw_line(0,0,-1159.93,1159.93);
move_pen_abs(38789.67,13506.75);
draw_line(0,0,-675.839999999997,675.84);
move_pen_abs(40951.38,11345.04);
draw_line(0,0,-133.489999999998,133.48);
move_pen_abs(34118.83,18177.59);
draw_line(0,0,-63.2000000000044,63.2000000000007);
move_pen_abs(37399.23,14897.19);
draw_line(0,0,-337.720000000001,337.719999999999);
move_pen_abs(38052.5,14243.91);
draw_line(0,0,-402.599999999999,402.610000000001);
move_pen_abs(37004.28,15292.14);
draw_line(0,0,-268.75,268.75);
move_pen_abs(36649.34,15647.07);
draw_line(0,0,-267.649999999994,267.66);
move_pen_abs(36389.11,16130.02);
draw_line(0,0,-114.639999999999,114.629999999999);
move_pen_abs(40848.13,11671);
draw_line(0,0,-215.209999999999,215.209999999999);
move_pen_abs(35131.71,17387.42);
draw_line(0,0,-807.989999999998,807.990000000002);
move_pen_abs(39821.64,12697.48);
draw_line(0,0,-861.099999999999,861.110000000001);
move_pen_abs(36152.57,16366.55);
draw_line(0,0,-958.239999999998,958.240000000002);
move_pen_abs(38913.4,13605.72);
draw_line(0,0,-680.709999999999,680.720000000001);
move_pen_abs(40978.96,11540.16);
draw_line(0,0,-81.9099999999962,81.9200000000001);
move_pen_abs(34261.89,18257.24);
draw_line(0,0,-118.979999999996,118.98);
move_pen_abs(38177.8,14341.33);
draw_line(0,0,-451.340000000004,451.34);
move_pen_abs(37111.23,15407.9);
draw_line(0,0,-24.3300000000017,24.3199999999997);
move_pen_abs(36875.95,15643.18);
draw_line(0,0,-353.399999999994,353.4);
move_pen_abs(37657.83,14861.3);
draw_line(0,0,-293.57,293.570000000002);
move_pen_abs(36678.55,16063.29);
draw_line(0,0,-503.200000000004,503.189999999999);
move_pen_abs(40927.5,11814.34);
draw_line(0,0,-241.68,241.67);
move_pen_abs(35263.84,17477.99);
draw_line(0,0,-807.139999999999,807.139999999999);
move_pen_abs(36058.44,16683.4);
draw_line(0,0,-733.270000000004,733.269999999997);
move_pen_abs(34398.49,18343.34);
draw_line(0,0,-162.709999999999,162.709999999999);
move_pen_abs(36974.78,15767.06);
draw_line(0,0,-215.470000000001,215.460000000001);
move_pen_abs(36880.19,16084.36);
draw_line(0,0,-806.389999999999,806.389999999999);
move_pen_abs(35377.58,17586.97);
draw_line(0,0,-797.860000000001,797.860000000001);
move_pen_abs(35959.6,17004.95);
draw_line(0,0,-520.75,520.75);
move_pen_abs(34525.83,18438.72);
draw_line(0,0,-193.660000000003,193.66);
move_pen_abs(37025.57,15938.98);
draw_line(0,0,-77.7699999999968,77.7800000000007);
move_pen_abs(37176.22,15788.33);
draw_line(0,0,-88.260000000002,88.2600000000002);
move_pen_abs(37042.57,16144.69);
draw_line(0,0,-1069.26,1069.25);
move_pen_abs(35471.8,17715.46);
draw_line(0,0,-777.150000000001,777.150000000001);
move_pen_abs(35857.64,17329.62);
draw_line(0,0,-328.150000000001,328.150000000001);
move_pen_abs(34640.72,18546.54);
draw_line(0,0,-209.419999999998,209.419999999998);
move_pen_abs(40885.32,12301.94);
draw_line(0,0,-114.199999999997,114.199999999999);
move_pen_abs(37130.41,16279.56);
draw_line(0,0,-1255.28000000001,1255.28);
move_pen_abs(35551.48,17858.48);
draw_line(0,0,-749.540000000001,749.549999999999);
move_pen_abs(35750.51,17659.46);
draw_line(0,0,-145.240000000005,145.240000000002);
move_pen_abs(37453.64,15956.33);
draw_line(0,0,-252.050000000003,252.040000000001);
move_pen_abs(34740.56,18669.41);
draw_line(0,0,-207.669999999998,207.670000000002);
move_pen_abs(41030.27,12379.7);
draw_line(0,0,-130.459999999999,130.449999999999);
move_pen_abs(37182.72,16449.97);
draw_line(0,0,-1399.63,1399.62);
move_pen_abs(35609.94,18022.74);
draw_line(0,0,-711.260000000002,711.259999999998);
move_pen_abs(37601.57,16031.11);
draw_line(0,0,-350,350);
move_pen_abs(34834.65,18798.04);
draw_line(0,0,-197.739999999998,197.739999999998);
move_pen_abs(41031.85,12600.83);
draw_line(0,0,-192.93,192.940000000001);
move_pen_abs(35823.59,18031.8);
draw_line(0,0,-146.579999999994,146.580000000002);
move_pen_abs(37236.06,16619.33);
draw_line(0,0,-1279.97,1279.98);
move_pen_abs(35551.66,18303.73);
draw_line(0,0,-565.470000000001,565.48);
move_pen_abs(37746.84,16108.55);
draw_line(0,0,-443.189999999995,443.190000000002);
move_pen_abs(34923.44,18931.95);
draw_line(0,0,-179.800000000003,179.809999999998);
move_pen_abs(41025.45,12829.94);
draw_line(0,0,-170.979999999996,170.98);
move_pen_abs(36169.35,17908.75);
draw_line(0,0,-591.049999999996,591.049999999999);
move_pen_abs(37289.3,16788.8);
draw_line(0,0,-1012.99000000001,1012.99);
move_pen_abs(35459.27,18618.83);
draw_line(0,0,-394.32,394.32);
move_pen_abs(37852.67,16225.43);
draw_line(0,0,-497.860000000001,497.860000000001);
move_pen_abs(35003.75,19074.35);
draw_line(0,0,-149.989999999998,149.990000000002);
move_pen_abs(41011.13,13066.98);
draw_line(0,0,-147.009999999995,147);
move_pen_abs(36445.06,17855.76);
draw_line(0,0,-970.889999999999,970.890000000003);
move_pen_abs(37342.56,16958.25);
draw_line(0,0,-804.259999999995,804.27);
move_pen_abs(35360.4,18940.41);
draw_line(0,0,-226.75,226.75);
move_pen_abs(37953.93,16346.88);
draw_line(0,0,-548.080000000002,548.08);
move_pen_abs(35071.39,19229.42);
draw_line(0,0,-102.419999999998,102.420000000002);
move_pen_abs(38080.96,16219.85);
draw_line(0,0,-58.1299999999974,58.1299999999992);
move_pen_abs(40989.64,13311.17);
draw_line(0,0,-126.760000000002,126.76);
move_pen_abs(36681.49,17842.04);
draw_line(0,0,-1307.75,1307.75);
move_pen_abs(37397.31,17126.21);
draw_line(0,0,-630.879999999997,630.889999999999);
move_pen_abs(35260.17,19263.36);
draw_line(0,0,-70.4300000000003,70.4199999999983);
move_pen_abs(38055.19,16468.34);
draw_line(0,0,-598.160000000003,598.16);
move_pen_abs(35120.01,19403.52);
draw_line(0,0,-25.2000000000044,25.2000000000007);
move_pen_abs(38257.83,16265.69);
draw_line(0,0,-134.07,134.08);
move_pen_abs(40962.56,13560.97);
draw_line(0,0,-112.229999999996,112.230000000001);
move_pen_abs(36893.17,17853.07);
draw_line(0,0,-1602.67,1602.67);
move_pen_abs(37452.43,17293.81);
draw_line(0,0,-481.309999999998,481.299999999999);
move_pen_abs(38156.45,16589.79);
draw_line(0,0,-647.879999999997,647.869999999999);
move_pen_abs(38449.36,16296.88);
draw_line(0,0,-221.980000000003,221.969999999999);
move_pen_abs(40930.87,13815.37);
draw_line(0,0,-106.889999999999,106.889999999999);
move_pen_abs(37086.95,17882);
draw_line(0,0,-1545.31,1545.31);
move_pen_abs(37506.78,17462.17);
draw_line(0,0,-348.269999999997,348.260000000002);
move_pen_abs(35434.34,19534.61);
draw_line(0,0,-90.1199999999953,90.1100000000006);
move_pen_abs(38257.7,16711.24);
draw_line(0,0,-696.959999999999,696.959999999999);
move_pen_abs(38662.8,16306.14);
draw_line(0,0,-333.300000000003,333.310000000001);
move_pen_abs(40887.19,14081.75);
draw_line(0,0,-108.970000000001,108.969999999999);
move_pen_abs(37266.51,17925.15);
draw_line(0,0,-1432.4,1432.4);
move_pen_abs(37559.22,17632.43);
draw_line(0,0,-226.020000000004,226.029999999999);
move_pen_abs(35727.54,19464.11);
draw_line(0,0,-247.550000000003,247.549999999999);
move_pen_abs(38358.96,16832.69);
draw_line(0,0,-744.970000000001,744.98);
move_pen_abs(38880.94,16310.71);
draw_line(0,0,-447.529999999999,447.530000000002);
move_pen_abs(40836.96,14354.69);
draw_line(0,0,-135.089999999997,135.09);
move_pen_abs(37434.19,17980.18);
draw_line(0,0,-1335.24000000001,1335.24);
move_pen_abs(37608.3,17806.07);
draw_line(0,0,-108.18,108.18);
move_pen_abs(35991.28,19423.09);
draw_line(0,0,-365.330000000002,365.329999999998);
move_pen_abs(38460.22,16954.15);
draw_line(0,0,-790.82,790.82);
move_pen_abs(39169.54,16244.83);
draw_line(0,0,-234.559999999998,234.559999999999);
move_pen_abs(38836.68,16577.69);
draw_line(0,0,-296.07,296.07);
move_pen_abs(40779.26,14635.11);
draw_line(0,0,-144.389999999999,144.389999999999);
move_pen_abs(37591.4,18045.68);
draw_line(0,0,-1245.97,1245.97);
move_pen_abs(38211.27,17425.81);
draw_line(0,0,-310.639999999999,310.629999999997);
move_pen_abs(36243.17,19393.91);
draw_line(0,0,-464.849999999999,464.849999999999);
move_pen_abs(38561.48,17075.6);
draw_line(0,0,-156.970000000001,156.970000000001);
move_pen_abs(39529.96,16107.12);
draw_line(0,0,-656.190000000002,656.190000000001);
move_pen_abs(38772.03,16865.05);
draw_line(0,0,-125.099999999999,125.100000000002);
move_pen_abs(40704.17,14932.91);
draw_line(0,0,-67.4099999999962,67.4099999999999);
move_pen_abs(40569.37,15067.71);
draw_line(0,0,-170.18,170.18);
move_pen_abs(37711.57,18148.21);
draw_line(0,0,-1133.46,1133.47);
move_pen_abs(38597.44,17262.35);
draw_line(0,0,-808.639999999999,808.630000000001);
move_pen_abs(36486.4,19373.39);
draw_line(0,0,-550.020000000004,550.02);
move_pen_abs(40437.59,15422.19);
draw_line(0,0,-1612.62,1612.63);
move_pen_abs(40586.56,15273.22);
draw_line(0,0,-55.2699999999968,55.2800000000007);
move_pen_abs(37761.76,18320.74);
draw_line(0,0,-962.010000000002,962.019999999997);
move_pen_abs(38793.04,17289.46);
draw_line(0,0,-951.520000000004,951.52);
move_pen_abs(36718.19,19364.32);
draw_line(0,0,-614.090000000004,614.09);
move_pen_abs(39844.13,16238.37);
draw_line(0,0,-985.729999999996,985.74);
move_pen_abs(40533.51,15548.99);
draw_line(0,0,-412.959999999999,412.969999999999);
move_pen_abs(37813.27,18491.94);
draw_line(0,0,-801.129999999997,801.130000000001);
move_pen_abs(38898.28,17406.93);
draw_line(0,0,-1004.05,1004.05);
move_pen_abs(36930.55,19374.67);
draw_line(0,0,-645.770000000004,645.760000000002);
move_pen_abs(39658,16647.21);
draw_line(0,0,-696.690000000002,696.700000000001);
move_pen_abs(40452.86,15852.35);
draw_line(0,0,-653.379999999997,653.379999999999);
move_pen_abs(37864.78,18663.14);
draw_line(0,0,-648.279999999999,648.279999999999);
move_pen_abs(39003.53,17524.39);
draw_line(0,0,-1056.59,1056.59);
move_pen_abs(37135.81,19392.11);
draw_line(0,0,-655.479999999996,655.48);
move_pen_abs(39553.35,16974.57);
draw_line(0,0,-489.389999999999,489.389999999999);
move_pen_abs(40332.47,16195.45);
draw_line(0,0,-658.32,658.32);
move_pen_abs(37916.29,18834.34);
draw_line(0,0,-502.590000000004,502.59);
move_pen_abs(39108.77,17641.86);
draw_line(0,0,-1109.10999999999,1109.11);
move_pen_abs(37336.44,19414.19);
draw_line(0,0,-642.830000000002,642.830000000002);
move_pen_abs(39497.69,17252.94);
draw_line(0,0,-330.980000000003,330.98);
move_pen_abs(40187.37,16563.26);
draw_line(0,0,-592.830000000002,592.830000000002);
move_pen_abs(37967.8,19005.55);
draw_line(0,0,-363.470000000001,363.470000000001);
move_pen_abs(39214.02,17759.33);
draw_line(0,0,-1161.64999999999,1161.64);
move_pen_abs(37532.33,19441.02);
draw_line(0,0,-603.120000000003,603.110000000001);
move_pen_abs(39478.98,17494.37);
draw_line(0,0,-208.43,208.43);
move_pen_abs(40021.52,16951.83);
draw_line(0,0,-463.899999999994,463.889999999999);
move_pen_abs(38019.31,19176.75);
draw_line(0,0,-230.529999999999,230.529999999999);
move_pen_abs(39319.26,17876.79);
draw_line(39319.26,17876.79,-530.97,530.97);
move_pen_rel(-128.68,128.68);
draw_line(-128.68,128.68,-554.53,554.53);
move_pen_abs(37722.24,19473.81);
draw_line(0,0,-526.43,526.439999999999);
move_pen_abs(39475.19,17720.87);
draw_line(0,0,-98.0800000000017,98.0699999999997);
move_pen_abs(39832.24,17363.82);
draw_line(0,0,-288.169999999998,288.16);
move_pen_abs(38070.81,19347.95);
draw_line(0,0,-108,108);
move_pen_abs(39424.51,17994.26);
draw_line(39424.51,17994.26,-37.55,37.55);
move_pen_rel(-1110.7,1110.7);
draw_line(-1110.7,1110.7,-118.45,118.45);
move_pen_abs(37902.94,19515.82);
draw_line(0,0,-389.720000000001,389.720000000001);
move_pen_abs(39591.96,17826.8);
draw_line(0,0,-23.1599999999962,23.1599999999999);
move_pen_abs(39236.62,18182.14);
draw_line(0,0,-785.160000000003,785.16);
move_pen_abs(38063.38,19578.09);
draw_line(0,0,-121.07,121.07);
move_pen_abs(39201.44,18440.04);
draw_line(0,0,-910.209999999999,910.200000000001);
endfile();
spider man head - color red