move_pen_abs(1870.78,38942.72);
draw_curve(1870.78,38942.72,202.5,-188.72,398.47,-434.76,587.91,-738.9);
draw_curve(587.91,-738.9,188.72,-304.83,410.81,-738.87,665.57,-1303.56);
draw_curve(665.57,-1303.56,54.44,-121.93,121.93,-281.61,203.94,-480.48);
draw_curve(203.94,-480.48,170.59,-408.63,308.48,-612.57,414.44,-612.57);
draw_curve(414.44,-612.57,53,0,92.2,15.97,118.33,47.17);
draw_curve(118.33,47.17,26.13,31.22,39.2,79.13,39.2,144.46);
draw_curve(39.2,144.46,-1.47,31.2,-7.28,76.93,-18.16,137.18);
draw_curve(-18.16,137.18,-10.16,60.23,-26.13,136.43,-47.17,227.17);
draw_line(-47.17,227.17,-451.48,1969.13);
draw_curve(-451.48,1969.13,776.63,-1021.94,1313.74,-1702.03,1610.57,-2039.52);
draw_curve(1610.57,-2039.52,296.86,-338.24,495.74,-507.36,596.63,-507.36);
draw_curve(596.63,-507.36,34.1,0,62.42,8.72,86.36,25.41);
draw_curve(86.36,25.41,23.25,17.41,34.85,37.76,34.85,61.7);
draw_curve(34.85,61.7,0,72.57,-95.8,298.3,-287.42,677.89);
draw_curve(-287.42,677.89,-126.3,251.13,-227.91,456.54,-304.11,616.22);
draw_curve(-304.11,616.22,-173.46,360,-302.67,674.27,-387.59,941.37);
draw_curve(-387.59,941.37,-84.92,267.11,-127.74,491.39,-127.74,672.83);
draw_line(-127.74,672.83,0,61.7);
draw_line(0,61.7,-221.35,0);
draw_curve(-221.35,0,4.35,-266.38,97.98,-629.29,280.89,-1089.43);
draw_curve(280.89,-1089.43,182.88,-460.17,469.58,-1053.17,860.08,-1780.41);
draw_curve(860.08,-1780.41,-135.02,129.18,-344.77,365.81,-629.29,709.83);
draw_curve(-629.29,709.83,-285.24,344.75,-635.07,786.04,-1050.98,1324.59);
draw_curve(-1050.98,1324.59,-104.52,135.74,-227.88,305.58,-370.15,508.08);
draw_curve(-370.15,508.08,-155.31,223.54,-256.2,336.06,-301.93,336.06);
draw_curve(-301.93,336.06,-16.69,0,-32.66,-10.16,-46.45,-29.76);
draw_curve(-46.45,-29.76,-14.53,-20.34,-21.06,-43.57,-21.06,-70.42);
draw_curve(-21.06,-70.42,0,-25.41,10.88,-84.2,33.38,-176.37);
draw_curve(33.38,-176.37,8.72,-38.48,15.97,-69.67,21.78,-93.64);
draw_line(21.78,-93.64,544.37,-2456.13);
draw_curve(544.37,-2456.13,-60.98,135.71,-151.71,342.56,-272.2,619.11);
draw_curve(-272.2,619.11,-453.64,1053.14,-878.24,1819.61,-1273.8,2298.65);
draw_line(-1273.8,2298.65,-287.42,0);
draw_line(-287.42,0,0,0);
move_pen_rel(4721.42,-853.57);
draw_line(4721.42,-853.57,0,174.21);
draw_curve(0,174.21,-320.08,256.2,-552.34,421.69,-695.33,496.46);
draw_curve(-695.33,496.46,-142.99,75.48,-275.8,113.21,-397.75,113.21);
draw_curve(-397.75,113.21,-141.52,0,-251.13,-42.1,-328.06,-126.28);
draw_curve(-328.06,-126.28,-77.67,-84.92,-116.14,-204.69,-116.14,-360.74);
draw_curve(-116.14,-360.74,0,-123.39,29.04,-246.04,86.39,-366.53);
draw_curve(86.39,-366.53,57.33,-120.49,141.52,-236.6,254.04,-349.12);
draw_curve(254.04,-349.12,124.11,-123.39,250.39,-219.19,376.69,-288.14);
draw_curve(376.69,-288.14,127.02,-68.95,242.42,-103.08,345.49,-103.08);
draw_curve(345.49,-103.08,87.8,0,156.78,21.06,205.38,62.44);
draw_curve(205.38,62.44,48.63,42.07,73.32,100.87,73.32,175.63);
draw_curve(73.32,175.63,0,195.97,-100.17,370.18,-300.49,524.05);
draw_curve(-300.49,524.05,-201.06,153.87,-442.76,230.79,-725.81,230.79);
draw_curve(-725.81,230.79,-31.22,0,-54.44,0,-69.69,-0.72);
draw_curve(-69.69,-0.72,-14.5,-0.72,-29.01,-2.19,-43.54,-3.63);
draw_curve(-43.54,-3.63,-6.54,22.5,-11.6,44.29,-14.51,63.88);
draw_curve(-14.51,63.88,-2.91,19.6,-4.37,40.63,-4.37,61.67);
draw_curve(-4.37,61.67,0,104.52,23.97,184.37,72.6,238.07);
draw_curve(72.6,238.07,47.89,53.72,119.02,80.57,212.66,80.57);
draw_curve(212.66,80.57,105.96,0,226.44,-36.29,361.44,-109.61);
draw_curve(361.44,-109.61,134.28,-72.57,370.19,-243.85,707.68,-513.15);
move_pen_rel(-1310.09,26.13);
draw_curve(-1310.09,26.13,23.22,2.91,45.72,5.09,68.23,6.53);
draw_curve(68.23,6.53,22.5,1.47,46.44,2.19,70.39,2.19);
draw_curve(70.39,2.19,196.71,0,378.15,-65.32,543.65,-196.69);
draw_curve(543.65,-196.69,166.22,-130.65,248.95,-259.11,248.95,-385.41);
draw_curve(248.95,-385.41,0,-34.13,-11.63,-60.98,-34.85,-80.57);
draw_curve(-34.85,-80.57,-23.94,-19.59,-55.17,-29.75,-95.08,-29.75);
draw_curve(-95.08,-29.75,-113.21,0,-249.67,65.32,-408.63,195.25);
draw_curve(-408.63,195.25,-159.68,130.65,-290.33,293.23,-392.66,488.46);
move_pen_rel(2059.12,403.56);
draw_curve(2059.12,403.56,-5.81,14.5,-10.16,28.31,-14.51,42.82);
draw_curve(-14.51,42.82,-4.37,13.79,-6.53,23.22,-6.53,26.85);
draw_curve(-6.53,26.85,0,10.16,2.16,18.88,7.25,26.85);
draw_curve(7.25,26.85,5.07,8,10.88,12.34,18.13,13.81);
draw_curve(18.13,13.81,23.25,0,99.45,-47.19,230.09,-141.55);
draw_curve(230.09,-141.55,130.65,-94.36,304.11,-227.17,519.68,-398.47);
draw_line(519.68,-398.47,0,174.93);
draw_line(0,174.93,-100.17,76.92);
draw_curve(-100.17,76.92,-468.14,363.65,-751.22,545.09,-849.2,545.09);
draw_curve(-849.2,545.09,-23.94,0,-43.54,-11.6,-59.51,-34.1);
draw_curve(-59.51,-34.1,-15.25,-23.22,-23.22,-52.26,-23.22,-87.83);
draw_curve(-23.22,-87.83,0,-15.97,4.35,-37.01,13.06,-63.88);
draw_curve(13.06,-63.88,7.97,-27.57,20.32,-58.79,35.57,-94.33);
draw_line(35.57,-94.33,365.81,-814.38);
draw_curve(365.81,-814.38,10.88,-25.39,26.85,-59.51,46.44,-102.33);
draw_curve(46.44,-102.33,38.48,-80.57,57.35,-128.46,57.35,-144.43);
draw_curve(57.35,-144.43,-1.46,-37.03,-63.16,-60.26,-185.09,-69.69);
draw_curve(-185.09,-69.69,-60.23,-4.35,-109.61,-8.69,-146.61,-13.07);
draw_curve(-146.61,-13.07,-86.36,172.75,-189.44,330.27,-309.2,470.33);
draw_curve(-309.2,470.33,-119.02,140.83,-256.92,267.11,-412.98,378.87);
draw_line(-412.98,378.87,0,-174.91);
draw_curve(0,-174.91,120.49,-84.92,231.54,-190.16,332.43,-315.02);
draw_curve(332.43,-315.02,101.61,-124.83,187.25,-260.55,256.2,-407.89);
draw_curve(256.2,-407.89,-28.29,-16.72,-48.63,-36.31,-60.23,-58.79);
draw_curve(-60.23,-58.79,-12.35,-21.78,-18.16,-50.1,-18.16,-84.2);
draw_curve(-18.16,-84.2,0,-55.17,13.78,-100.17,42.1,-135.02);
draw_curve(42.1,-135.02,28.31,-34.82,64.6,-52.26,108.87,-52.26);
draw_curve(108.87,-52.26,36.31,0,66.79,13.07,90.73,38.48);
draw_curve(90.73,38.48,24.69,25.41,36.29,58.07,36.29,96.54);
draw_curve(36.29,96.54,0,18.13,-1.44,35.57,-4.35,50.79);
draw_curve(-4.35,50.79,-2.91,15.97,-6.53,31.94,-12.35,49.35);
draw_curve(-12.35,49.35,35.57,0,71.14,-0.72,108.15,-2.16);
draw_curve(108.15,-2.16,11.62,-1.46,18.15,-2.19,21.06,-2.19);
draw_curve(21.06,-2.19,119.02,0,203.94,15.97,255.48,47.91);
draw_curve(255.48,47.91,50.79,31.94,76.2,83.46,76.2,156.06);
draw_curve(76.2,156.06,0,25.38,-6.53,57.32,-18.88,95.08);
draw_curve(-18.88,95.08,-13.06,38.44,-42.82,109.58,-89.27,214.82);
draw_line(-89.27,214.82,-310.64,690.98);
draw_line(-310.64,690.98,0,0);
move_pen_rel(1503.15,0);
draw_curve(1503.15,0,-5.81,14.5,-10.16,28.31,-14.5,42.82);
draw_curve(-14.5,42.82,-4.37,13.79,-6.53,23.22,-6.53,26.85);
draw_curve(-6.53,26.85,0,10.16,2.16,18.88,7.25,26.85);
draw_curve(7.25,26.85,5.07,8,10.88,12.34,18.13,13.81);
draw_curve(18.13,13.81,23.25,0,99.45,-47.19,230.1,-141.55);
draw_curve(230.1,-141.55,130.65,-94.36,304.11,-227.17,519.68,-398.47);
draw_line(519.68,-398.47,0,174.93);
draw_line(0,174.93,-100.17,76.92);
draw_curve(-100.17,76.92,-468.14,363.65,-751.22,545.09,-849.2,545.09);
draw_curve(-849.2,545.09,-23.94,0,-43.54,-11.6,-59.51,-34.1);
draw_curve(-59.51,-34.1,-15.25,-23.22,-23.22,-52.26,-23.22,-87.83);
draw_curve(-23.22,-87.83,0,-15.97,4.35,-37.01,13.07,-63.88);
draw_curve(13.07,-63.88,7.97,-27.57,20.31,-58.79,35.57,-94.33);
draw_line(35.57,-94.33,365.81,-814.38);
draw_curve(365.81,-814.38,10.88,-25.39,26.85,-59.51,46.44,-102.33);
draw_curve(46.44,-102.33,38.47,-80.57,57.35,-128.46,57.35,-144.43);
draw_curve(57.35,-144.43,-1.46,-37.03,-63.16,-60.26,-185.09,-69.69);
draw_curve(-185.09,-69.69,-60.23,-4.35,-109.61,-8.69,-146.62,-13.07);
draw_curve(-146.62,-13.07,-86.36,172.75,-189.44,330.27,-309.2,470.33);
draw_curve(-309.2,470.33,-119.02,140.83,-256.92,267.11,-412.98,378.87);
draw_line(-412.98,378.87,0,-174.91);
draw_curve(0,-174.91,120.49,-84.92,231.54,-190.16,332.43,-315.02);
draw_curve(332.43,-315.02,101.61,-124.83,187.25,-260.55,256.2,-407.89);
draw_curve(256.2,-407.89,-28.29,-16.72,-48.63,-36.31,-60.23,-58.79);
draw_curve(-60.23,-58.79,-12.34,-21.78,-18.15,-50.1,-18.15,-84.2);
draw_curve(-18.15,-84.2,0,-55.17,13.78,-100.17,42.1,-135.02);
draw_curve(42.1,-135.02,28.31,-34.82,64.6,-52.26,108.86,-52.26);
draw_curve(108.86,-52.26,36.31,0,66.79,13.07,90.73,38.48);
draw_curve(90.73,38.48,24.69,25.41,36.29,58.07,36.29,96.54);
draw_curve(36.29,96.54,0,18.13,-1.44,35.57,-4.35,50.79);
draw_curve(-4.35,50.79,-2.91,15.97,-6.53,31.94,-12.34,49.35);
draw_curve(-12.34,49.35,35.57,0,71.13,-0.72,108.14,-2.16);
draw_curve(108.14,-2.16,11.63,-1.46,18.16,-2.19,21.06,-2.19);
draw_curve(21.06,-2.19,119.02,0,203.94,15.97,255.48,47.91);
draw_curve(255.48,47.91,50.79,31.94,76.2,83.46,76.2,156.06);
draw_curve(76.2,156.06,0,25.38,-6.53,57.32,-18.87,95.08);
draw_curve(-18.87,95.08,-13.07,38.44,-42.82,109.58,-89.27,214.82);
draw_line(-89.27,214.82,-310.65,690.98);
draw_line(-310.65,690.98,0,0);
move_pen_rel(981.29,-434.04);
draw_curve(981.29,-434.04,-53.7,50.07,-104.52,93.64,-153.15,131.37);
draw_curve(-153.15,131.37,-47.89,37.04,-94.33,68.95,-137.9,94.36);
draw_line(-137.9,94.36,0,-174.19);
draw_curve(0,-174.19,116.14,-86.39,217.03,-172.03,302.67,-256.22);
draw_curve(302.67,-256.22,85.64,-84.18,135.71,-144.43,150.24,-180);
draw_line(150.24,-180,178.56,-390.47);
draw_line(178.56,-390.47,187.25,0);
draw_line(187.25,0,-461.61,1096.68);
draw_curve(-461.61,1096.68,-4.37,10.19,-10.91,23.97,-18.88,40.66);
draw_curve(-18.88,40.66,-25.41,48.63,-38.47,84.2,-38.47,108.86);
draw_curve(-38.47,108.86,1.44,8,3.63,13.78,6.53,16.69);
draw_curve(6.53,16.69,2.91,2.91,7.25,4.37,12.34,4.37);
draw_curve(12.34,4.37,58.07,0,217.01,-124.11,475.39,-373.09);
draw_curve(475.39,-373.09,258.39,-248.95,525.49,-547.25,799.85,-894.18);
draw_line(799.85,-894.18,178.56,0);
draw_line(178.56,0,-680.08,1508.22);
draw_line(-680.08,1508.22,49.35,-42.82);
draw_curve(49.35,-42.82,393.38,-333.87,677.9,-562.5,852.11,-685.89);
draw_line(852.11,-685.89,0,174.93);
draw_curve(0,174.93,-276.54,211.22,-506.64,395.56,-690.98,553.06);
draw_curve(-690.98,553.06,-184.34,157.5,-317.9,283.8,-401.37,378.87);
draw_curve(-401.37,378.87,-103.8,310.65,-197.41,540.74,-280.89,691.7);
draw_curve(-280.89,691.7,-83.46,150.96,-158.22,226.44,-225.01,226.44);
draw_curve(-225.01,226.44,-25.38,0,-46.44,-10.88,-61.7,-32.66);
draw_curve(-61.7,-32.66,-15.94,-22.5,-23.22,-51.54,-23.22,-88.54);
draw_curve(-23.22,-88.54,0,-116.12,45,-262.02,135.74,-437.67);
draw_curve(135.74,-437.67,90.73,-175.65,210.48,-341.12,359.28,-494.99);
draw_line(359.28,-494.99,565.41,-1268.73);
draw_curve(565.41,-1268.73,-338.96,371.62,-609.69,645.26,-812.91,819.44);
draw_curve(-812.91,819.44,-203.94,174.93,-352.03,262.01,-445.64,262.01);
draw_curve(-445.64,262.01,-34.13,0,-58.79,-5.79,-73.32,-18.13);
draw_curve(-73.32,-18.13,-15.22,-12.35,-22.5,-33.38,-22.5,-64.6);
draw_curve(-22.5,-64.6,0,-17.41,5.81,-44.29,16.69,-81.3);
draw_curve(16.69,-81.3,11.62,-37.01,27.59,-81.3,49.38,-132.09);
draw_line(49.38,-132.09,208.29,-492.11);
draw_line(208.29,-492.11,0,0);
move_pen_rel(4838.28,-27.57);
draw_curve(4838.28,-27.57,-132.11,262.73,-292.52,464.51,-481.23,604.6);
draw_curve(-481.23,604.6,-189.44,140.8,-391.19,211.19,-606.76,211.19);
draw_curve(-606.76,211.19,-242.41,0,-442.04,-79.83,-598.06,-239.51);
draw_curve(-598.06,-239.51,-156.78,-158.96,-235.17,-365.09,-235.17,-617.67);
draw_curve(-235.17,-617.67,0,-250.41,66.76,-516.77,199.59,-796.94);
draw_curve(199.59,-796.94,133.56,-280.89,318.62,-542.18,555.25,-784.6);
draw_curve(555.25,-784.6,199.59,-203.22,399.91,-360.74,600.23,-474.67);
draw_curve(600.23,-474.67,200.34,-113.24,380.34,-169.84,538.56,-169.84);
draw_curve(538.56,-169.84,157.52,0,282.35,42.82,375.25,127.74);
draw_curve(375.25,127.74,92.92,84.92,139.36,199.59,139.36,344.03);
draw_curve(139.36,344.03,0,262.01,-125.58,521.12,-376.69,776.62);
draw_curve(-376.69,776.62,-251.13,255.48,-571.22,439.83,-961,553.06);
draw_line(-961,553.06,69.69,-195.25);
draw_curve(69.69,-195.25,316.46,-110.33,577,-275.8,781.69,-496.45);
draw_curve(781.69,-496.45,205.41,-219.91,307.74,-436.2,307.74,-648.86);
draw_curve(307.74,-648.86,0,-90.73,-30.47,-164.05,-92.17,-219.94);
draw_curve(-92.17,-219.94,-61.7,-55.89,-142.99,-84.17,-243.88,-84.17);
draw_curve(-243.88,-84.17,-110.3,0,-240.95,42.07,-390.47,125.55);
draw_curve(-390.47,125.55,-149.52,83.48,-310.65,203.94,-484.11,361.46);
draw_curve(-484.11,361.46,-249.69,226.44,-449.29,479.74,-598.81,759.19);
draw_curve(-598.81,759.19,-149.5,279.45,-224.26,531.3,-224.26,757.03);
draw_curve(-224.26,757.03,0,222.82,58.79,399.19,175.63,530.56);
draw_curve(175.63,530.56,116.86,131.37,272.92,196.69,468.89,196.69);
draw_curve(468.89,196.69,185.81,0,357.81,-58.05,516.77,-173.47);
draw_curve(516.77,-173.47,158.96,-116.11,299.05,-285.95,419.53,-510.24);
draw_line(419.53,-510.24,144.43,63.89);
draw_line(144.43,63.89,0,0);
move_pen_rel(11.63,253.29);
draw_line(11.63,253.29,0,-174.91);
draw_curve(0,-174.91,69.67,-46.47,141.52,-105.26,215.56,-176.37);
draw_curve(215.56,-176.37,73.3,-70.41,153.13,-156.77,238.04,-259.13);
draw_line(238.04,-259.13,775.91,-1657.74);
draw_curve(775.91,-1657.74,13.07,-28.31,30.48,-67.51,53.7,-116.86);
draw_curve(53.7,-116.86,70.41,-160.4,130.65,-240.23,180.74,-240.23);
draw_curve(180.74,-240.23,15.22,0,29.04,7.97,39.91,23.22);
draw_curve(39.91,23.22,11.6,15.97,17.41,35.57,17.41,59.51);
draw_curve(17.41,59.51,0,55.17,-103.8,299.77,-310.64,733.06);
draw_curve(-310.64,733.06,-100.17,206.87,-180,373.06,-238.07,499.36);
draw_line(-238.07,499.36,-661.2,1405.17);
draw_curve(-661.2,1405.17,413.72,-409.35,727.99,-701.86,942.81,-876.77);
draw_curve(942.81,-876.77,214.85,-174.93,364.37,-262.76,449.29,-262.76);
draw_curve(449.29,-262.76,21.04,0,37.76,9.44,49.35,27.59);
draw_curve(49.35,27.59,10.88,18.88,16.69,45.73,16.69,81.3);
draw_curve(16.69,81.3,0,18.13,-3.63,38.47,-10.88,61.7);
draw_curve(-10.88,61.7,-6.53,22.5,-21.06,58.79,-42.1,108.14);
draw_line(-42.1,108.14,-448.54,974.04);
draw_curve(-448.54,974.04,-10.16,22.5,-16.69,38.47,-20.34,48.63);
draw_curve(-20.34,48.63,-3.63,10.16,-5.07,16.69,-5.07,21.04);
draw_curve(-5.07,21.04,0,11.63,2.19,21.06,7.25,27.59);
draw_curve(7.25,27.59,5.09,7.25,10.88,11.6,18.16,13.07);
draw_curve(18.16,13.07,24.66,0,103.05,-47.91,236.6,-143.71);
draw_curve(236.6,-143.71,133.55,-95.82,306.3,-227.91,517.52,-396.31);
draw_line(517.52,-396.31,0,174.21);
draw_line(0,174.21,-100.17,76.92);
draw_curve(-100.17,76.92,-468.14,363.65,-751.22,545.81,-849.2,545.81);
draw_curve(-849.2,545.81,-23.94,0,-44.28,-11.6,-61.7,-35.57);
draw_curve(-61.7,-35.57,-16.69,-23.22,-25.41,-53.7,-25.41,-90.7);
draw_curve(-25.41,-90.7,0,-15.97,4.37,-37.04,13.79,-63.17);
draw_curve(13.79,-63.17,9.44,-26.13,22.5,-56.6,39.19,-90.7);
draw_line(39.19,-90.7,425.35,-894.93);
draw_curve(425.35,-894.93,23.94,-48.63,38.45,-79.13,44.26,-91.45);
draw_curve(44.26,-91.45,5.81,-13.07,8.72,-22.5,8.72,-27.59);
draw_curve(8.72,-27.59,0,-13.07,-1.46,-22.5,-4.35,-29.04);
draw_curve(-4.35,-29.04,-2.91,-6.54,-7.28,-9.44,-12.34,-9.44);
draw_curve(-12.34,-9.44,-18.88,0,-72.57,33.41,-161.15,100.17);
draw_curve(-161.15,100.17,-88.55,66.04,-188.69,150.96,-300.49,252.57);
draw_curve(-300.49,252.57,-137.9,120.49,-267.08,242.44,-388.29,365.81);
draw_curve(-388.29,365.81,-121.21,123.39,-228.63,240.98,-322.27,352.74);
draw_curve(-322.27,352.74,-14.5,17.44,-34.1,41.38,-59.51,72.6);
draw_curve(-59.51,72.6,-90.73,117.58,-166.93,175.63,-227.91,175.63);
draw_curve(-227.91,175.63,-26.85,0,-47.91,-10.16,-63.89,-30.48);
draw_curve(-63.89,-30.48,-15.22,-21.04,-23.22,-47.91,-23.22,-82.01);
draw_curve(-23.22,-82.01,0,-41.38,64.6,-178.56,193.81,-411.54);
draw_curve(193.81,-411.54,60.95,-108.87,108.86,-197.44,144.43,-264.2);
draw_curve(144.43,-264.2,-53.72,49.35,-104.52,93.64,-153.15,130.65);
draw_curve(-153.15,130.65,-47.91,37.76,-94.36,68.95,-138.62,95.08);
move_pen_rel(2771.14,208.31);
draw_curve(2771.14,208.31,-5.81,14.5,-10.16,28.31,-14.5,42.82);
draw_curve(-14.5,42.82,-4.37,13.79,-6.53,23.22,-6.53,26.85);
draw_curve(-6.53,26.85,0,10.16,2.16,18.88,7.25,26.85);
draw_curve(7.25,26.85,5.07,8,10.88,12.34,18.13,13.81);
draw_curve(18.13,13.81,23.25,0,99.45,-47.19,230.1,-141.55);
draw_curve(230.1,-141.55,130.65,-94.36,304.11,-227.17,519.68,-398.47);
draw_line(519.68,-398.47,0,174.93);
draw_line(0,174.93,-100.17,76.92);
draw_curve(-100.17,76.92,-468.14,363.65,-751.22,545.09,-849.2,545.09);
draw_curve(-849.2,545.09,-23.94,0,-43.54,-11.6,-59.51,-34.1);
draw_curve(-59.51,-34.1,-15.25,-23.22,-23.22,-52.26,-23.22,-87.83);
draw_curve(-23.22,-87.83,0,-15.97,4.35,-37.01,13.07,-63.88);
draw_curve(13.07,-63.88,7.97,-27.57,20.31,-58.79,35.57,-94.33);
draw_line(35.57,-94.33,365.81,-814.38);
draw_curve(365.81,-814.38,10.88,-25.39,26.85,-59.51,46.44,-102.33);
draw_curve(46.44,-102.33,38.47,-80.57,57.35,-128.46,57.35,-144.43);
draw_curve(57.35,-144.43,-1.46,-37.03,-63.16,-60.26,-185.09,-69.69);
draw_curve(-185.09,-69.69,-60.23,-4.35,-109.61,-8.69,-146.62,-13.07);
draw_curve(-146.62,-13.07,-86.36,172.75,-189.44,330.27,-309.2,470.33);
draw_curve(-309.2,470.33,-119.02,140.83,-256.92,267.11,-412.98,378.87);
draw_line(-412.98,378.87,0,-174.91);
draw_curve(0,-174.91,120.49,-84.92,231.54,-190.16,332.43,-315.02);
draw_curve(332.43,-315.02,101.61,-124.83,187.25,-260.55,256.2,-407.89);
draw_curve(256.2,-407.89,-28.29,-16.72,-48.63,-36.31,-60.23,-58.79);
draw_curve(-60.23,-58.79,-12.34,-21.78,-18.15,-50.1,-18.15,-84.2);
draw_curve(-18.15,-84.2,0,-55.17,13.78,-100.17,42.1,-135.02);
draw_curve(42.1,-135.02,28.31,-34.82,64.6,-52.26,108.86,-52.26);
draw_curve(108.86,-52.26,36.31,0,66.79,13.07,90.73,38.48);
draw_curve(90.73,38.48,24.69,25.41,36.29,58.07,36.29,96.54);
draw_curve(36.29,96.54,0,18.13,-1.44,35.57,-4.35,50.79);
draw_curve(-4.35,50.79,-2.91,15.97,-6.53,31.94,-12.34,49.35);
draw_curve(-12.34,49.35,35.57,0,71.13,-0.72,108.14,-2.16);
draw_curve(108.14,-2.16,11.63,-1.46,18.16,-2.19,21.06,-2.19);
draw_curve(21.06,-2.19,119.02,0,203.94,15.97,255.48,47.91);
draw_curve(255.48,47.91,50.79,31.94,76.2,83.46,76.2,156.06);
draw_curve(76.2,156.06,0,25.38,-6.53,57.32,-18.87,95.08);
draw_curve(-18.87,95.08,-13.07,38.44,-42.82,109.58,-89.27,214.82);
draw_line(-89.27,214.82,-310.65,690.98);
draw_line(-310.65,690.98,0,0);
move_pen_rel(950.81,0);
draw_curve(950.81,0,-7.25,15.25,-13.06,29.76,-18.15,42.1);
draw_curve(-18.15,42.1,-5.07,13.07,-7.97,21.76,-7.97,27.57);
draw_curve(-7.97,27.57,0,11.63,2.91,21.06,8.72,29.04);
draw_curve(8.72,29.04,5.79,8,10.88,11.63,16.69,11.63);
draw_curve(16.69,11.63,24.67,0,103.05,-47.91,236.61,-143.71);
draw_curve(236.61,-143.71,133.55,-95.82,306.3,-227.91,517.52,-396.31);
draw_line(517.52,-396.31,0,174.21);
draw_line(0,174.21,-100.17,76.92);
draw_curve(-100.17,76.92,-468.14,363.65,-751.22,545.81,-849.2,545.81);
draw_curve(-849.2,545.81,-25.41,0,-46.44,-11.6,-62.42,-35.57);
draw_curve(-62.42,-35.57,-16.69,-23.22,-24.69,-53.7,-24.69,-90.7);
draw_curve(-24.69,-90.7,0,-20.34,3.63,-42.82,11.63,-69.7);
draw_curve(11.63,-69.7,7.97,-26.13,19.59,-54.42,34.85,-84.17);
draw_line(34.85,-84.17,266.36,-521.15);
draw_curve(266.36,-521.15,-53.7,49.35,-105.24,93.64,-153.15,130.65);
draw_curve(-153.15,130.65,-48.63,37.76,-94.36,68.95,-138.62,95.08);
draw_line(-138.62,95.08,0,-174.91);
draw_curve(0,-174.91,112.49,-82.01,210.48,-164.77,295.39,-248.97);
draw_curve(295.39,-248.97,85.64,-84.92,137.9,-146.59,157.5,-186.53);
draw_line(157.5,-186.53,190.91,-390.47);
draw_line(190.91,-390.47,187.25,0);
draw_line(187.25,0,-569.03,1209.2);
draw_line(-569.03,1209.2,0,0);
move_pen_rel(605.32,-1509.69);
draw_curve(605.32,-1509.69,-31.19,0,-55.88,-9.44,-73.3,-27.59);
draw_curve(-73.3,-27.59,-18.16,-18.13,-26.85,-42.82,-26.85,-72.57);
draw_curve(-26.85,-72.57,0,-59.51,18.85,-115.4,56.6,-168.37);
draw_curve(56.6,-168.37,37.76,-53,79.83,-79.85,126.3,-79.85);
draw_curve(126.3,-79.85,29.76,0,53.7,9.44,72.58,29.04);
draw_curve(72.58,29.04,18.13,18.88,27.57,43.54,27.57,74.76);
draw_curve(27.57,74.76,0,66.76,-17.41,124.11,-52.26,172.03);
draw_curve(-52.26,172.03,-34.82,48.61,-78.39,72.57,-130.65,72.57);
move_pen_rel(1649.77,1084.37);
draw_line(1649.77,1084.37,0,178.53);
draw_curve(0,178.53,-254.04,197.44,-445.67,328.08,-576.28,391.22);
draw_curve(-576.28,391.22,-130.65,63.13,-257.67,97.98,-381.06,105.24);
draw_curve(-381.06,105.24,-82.01,38.47,-148.8,65.32,-199.59,81.29);
draw_curve(-199.59,81.29,-51.54,15.25,-96.54,23.22,-136.46,23.22);
draw_curve(-136.46,23.22,-74.76,0,-140.81,-16.69,-197.41,-50.07);
draw_curve(-197.41,-50.07,-57.35,-33.38,-85.67,-71.14,-85.67,-113.96);
draw_curve(-85.67,-113.96,0,-16.69,8.72,-29.76,24.69,-37.01);
draw_curve(24.69,-37.01,15.97,-8,42.82,-11.63,79.83,-11.63);
draw_curve(79.83,-11.63,18.16,0,55.17,2.19,110.33,8);
draw_curve(110.33,8,55.89,5.79,101.61,8.69,138.65,8.69);
draw_curve(138.65,8.69,25.38,0,76.2,-4.35,150.96,-13.07);
draw_curve(150.96,-13.07,17.41,-1.44,30.48,-2.91,40.63,-3.63);
draw_curve(40.63,-3.63,102.35,-119.74,177.84,-270.73,227.19,-453.63);
draw_curve(227.19,-453.63,50.07,-182.91,75.48,-408.63,76.92,-677.89);
draw_curve(76.92,-677.89,-178.53,196.69,-338.93,361.46,-481.2,493.55);
draw_curve(-481.2,493.55,-141.52,132.83,-261.29,228.63,-359.28,288.14);
draw_line(-359.28,288.14,0,-174.19);
draw_curve(0,-174.19,169.12,-129.2,328.8,-270.73,480.48,-423.88);
draw_curve(480.48,-423.88,152.43,-153.87,291.05,-315.74,417.35,-485.57);
draw_curve(417.35,-485.57,25.41,-120.46,55.89,-207.57,90.73,-262.01);
draw_curve(90.73,-262.01,35.54,-54.42,78.39,-82.02,129.18,-82.02);
draw_curve(129.18,-82.02,28.31,0,52.98,11.63,74.04,34.13);
draw_curve(74.04,34.13,21.04,22.48,31.94,49.35,31.94,80.55);
draw_curve(31.94,80.55,0,43.56,-18.88,95.82,-57.35,155.33);
draw_curve(-57.35,155.33,-37.76,59.51,-91.45,121.21,-160.4,186.53);
draw_line(-160.4,186.53,0,161.84);
draw_curve(0,161.84,0,262.04,-23.94,496.45,-72.57,702.58);
draw_curve(-72.57,702.58,-47.91,206.15,-109.61,346.96,-184.37,422.44);
draw_curve(-184.37,422.44,82.01,-21.78,178.56,-66.79,288.14,-135.74);
draw_curve(288.14,-135.74,109.61,-68.95,286.7,-201.04,530.58,-397);
move_pen_rel(135.74,353.46);
draw_line(135.74,353.46,182.16,-436.22);
draw_curve(182.16,-436.22,-74.02,68.97,-140.81,128.48,-201.76,177.12);
draw_curve(-201.76,177.12,-60.98,49.35,-118.33,89.98,-172.03,122.65);
draw_line(-172.03,122.65,0,-174.91);
draw_curve(0,-174.91,135.74,-104.52,254.04,-202.5,353.46,-293.95);
draw_curve(353.46,-293.95,100.17,-91.45,153.15,-147.34,160.4,-166.93);
draw_line(160.4,-166.93,257.67,-639.45);
draw_line(257.67,-639.45,-402.09,0);
draw_line(-402.09,0,70.41,-139.36);
draw_line(70.41,-139.36,391.19,0);
draw_line(391.19,0,252.6,-617.67);
draw_curve(252.6,-617.67,4.35,-9.44,10.16,-23.94,17.41,-42.1);
draw_curve(17.41,-42.1,68.23,-172.75,127.74,-259.11,178.56,-259.11);
draw_curve(178.56,-259.11,23.94,0,43.54,6.53,57.32,20.31);
draw_curve(57.32,20.31,14.53,13.06,21.06,29.76,21.06,49.35);
draw_curve(21.06,49.35,0,21.78,-5.81,52.26,-18.88,91.45);
draw_curve(-18.88,91.45,-12.34,39.92,-32.66,89.3,-59.51,148.8);
draw_line(-59.51,148.8,-256.95,608.95);
draw_line(-256.95,608.95,318.65,0);
draw_line(318.65,0,-53,139.36);
draw_line(-53,139.36,-321.52,0);
draw_line(-321.52,0,-563.22,1373.22);
draw_curve(-563.22,1373.22,-4.37,11.63,-11.63,28.32,-21.06,50.82);
draw_curve(-21.06,50.82,-31.2,71.11,-47.17,119.02,-47.17,142.96);
draw_curve(-47.17,142.96,0,23.97,5.79,42.1,16.69,53.72);
draw_curve(16.69,53.72,11.6,10.88,29.04,16.69,53.7,16.69);
draw_curve(53.7,16.69,45,0,253.32,-140.81,624.91,-421.69);
draw_curve(624.91,-421.69,93.64,-71.14,166.96,-126.3,219.22,-166.22);
draw_line(219.22,-166.22,0,179.28);
draw_line(0,179.28,-2.19,0);
draw_curve(-2.19,0,-535.65,405.72,-866.61,608.94,-994.35,608.94);
draw_curve(-994.35,608.94,-52.26,0,-91.45,-12.32,-116.14,-36.29);
draw_curve(-116.14,-36.29,-24.69,-23.94,-37.01,-60.95,-37.01,-111.05);
draw_curve(-37.01,-111.05,0,-43.54,19.6,-111.77,59.51,-203.94);
draw_curve(59.51,-203.94,13.78,-32.66,24.67,-58.07,31.94,-74.76);
move_pen_rel(3736.46,-357.84);
draw_line(3736.46,-357.84,0,174.21);
draw_line(0,174.21,-102.33,81.3);
draw_curve(-102.33,81.3,-452.19,352,-724.37,528.37,-816.54,528.37);
draw_curve(-816.54,528.37,-35.57,0,-61.7,-10.16,-79.11,-29.76);
draw_curve(-79.11,-29.76,-16.69,-20.31,-25.41,-52.26,-25.41,-96.52);
draw_curve(-25.41,-96.52,0,-19.59,2.91,-42.1,9.44,-67.51);
draw_curve(9.44,-67.51,6.53,-24.69,14.51,-48.63,24.67,-71.13);
draw_line(24.67,-71.13,430.41,-897.09);
draw_curve(430.41,-897.09,14.53,-31.22,24.69,-56.63,31.22,-76.23);
draw_curve(31.22,-76.23,6.53,-19.6,9.44,-38.45,9.44,-55.17);
draw_curve(9.44,-55.17,0,-2.88,-0.74,-5.07,-1.46,-6.53);
draw_curve(-1.46,-6.53,-0.72,-1.44,-1.44,-2.16,-2.91,-2.16);
draw_curve(-2.91,-2.16,-13.07,0,-70.39,49.35,-174.19,148.78);
draw_curve(-174.19,148.78,-103.07,99.45,-223.56,222.1,-360.74,369.43);
draw_curve(-360.74,369.43,-117.58,123.39,-256.2,277.98,-414.42,464.54);
draw_curve(-414.42,464.54,-182.91,212.66,-301.23,319.34,-353.49,319.34);
draw_curve(-353.49,319.34,-22.48,0,-41.35,-6.53,-56.6,-20.31);
draw_curve(-56.6,-20.31,-14.51,-13.79,-21.78,-31.2,-21.78,-52.26);
draw_curve(-21.78,-52.26,0,-32.66,13.06,-76.92,40.66,-132.83);
draw_curve(40.66,-132.83,5.81,-11.6,9.44,-19.59,12.35,-25.38);
draw_line(12.35,-25.38,391.94,-846.3);
draw_curve(391.94,-846.3,26.85,-59.54,47.17,-106.7,61.67,-142.99);
draw_curve(61.67,-142.99,13.81,-36.29,21.06,-59.51,21.06,-68.95);
draw_curve(21.06,-68.95,0,-1.47,-0.72,-3.63,-2.19,-5.81);
draw_curve(-2.19,-5.81,-1.44,-2.19,-3.63,-2.91,-6.53,-2.91);
draw_curve(-6.53,-2.91,-18.13,0,-68.95,38.47,-150.96,114.68);
draw_curve(-150.96,114.68,-82.02,76.22,-185.81,182.19,-310.65,316.46);
draw_curve(-310.65,316.46,-105.24,114.67,-235.89,264.2,-391.94,447.1);
draw_curve(-391.94,447.1,-238.07,279.43,-394.84,419.51,-470.33,419.51);
draw_curve(-470.33,419.51,-25.41,0,-46.44,-10.88,-62.41,-31.92);
draw_curve(-62.41,-31.92,-16.69,-21.06,-24.69,-48.63,-24.69,-81.29);
draw_curve(-24.69,-81.29,0,-39.19,55.88,-160.4,168.4,-361.46);
draw_curve(168.4,-361.46,70.39,-128.46,127.74,-232.26,169.84,-313.55);
draw_curve(169.84,-313.55,-53.72,49.35,-104.52,93.64,-153.15,130.65);
draw_curve(-153.15,130.65,-47.91,37.76,-94.36,68.95,-138.62,95.08);
draw_line(-138.62,95.08,0,-174.91);
draw_curve(0,-174.91,112.49,-82.01,211.2,-164.77,296.11,-248.97);
draw_curve(296.11,-248.97,84.92,-84.17,137.9,-146.59,157.5,-185.79);
draw_line(157.5,-185.79,192.34,-391.22);
draw_line(192.34,-391.22,187.28,0);
draw_line(187.28,0,-521.87,1095.96);
draw_curve(-521.87,1095.96,322.99,-361.44,592.26,-639.42,807.1,-833.95);
draw_curve(807.1,-833.95,214.85,-195.25,359.28,-292.52,433.32,-292.52);
draw_curve(433.32,-292.52,28.29,0,50.07,6.54,64.57,18.88);
draw_curve(64.57,18.88,15.25,13.07,22.5,32.66,22.5,60.26);
draw_curve(22.5,60.26,0,19.6,-4.35,44.26,-13.06,73.3);
draw_curve(-13.06,73.3,-7.97,29.03,-22.5,66.79,-42.1,113.95);
draw_line(-42.1,113.95,-376.69,839.04);
draw_curve(-376.69,839.04,314.99,-355.65,576.28,-628.57,783.88,-819.44);
draw_curve(783.88,-819.44,208.31,-190.88,349.84,-285.98,423.16,-285.98);
draw_curve(423.16,-285.98,26.85,0,47.89,7.28,63.86,21.06);
draw_curve(63.86,21.06,15.25,14.51,23.22,33.38,23.22,58.07);
draw_curve(23.22,58.07,0,22.5,-5.07,49.35,-15.25,80.55);
draw_curve(-15.25,80.55,-9.41,31.22,-23.94,66.79,-42.07,106.7);
draw_line(-42.07,106.7,-448.57,973.31);
draw_curve(-448.57,973.31,-9.44,22.5,-16.69,38.47,-19.59,48.63);
draw_curve(-19.59,48.63,-3.63,10.16,-5.79,16.69,-5.79,21.04);
draw_curve(-5.79,21.04,0,11.63,2.88,21.06,7.25,27.59);
draw_curve(7.25,27.59,5.07,7.25,11.6,11.6,18.13,13.07);
draw_curve(18.13,13.07,24.69,0,103.08,-47.91,236.63,-143.71);
draw_curve(236.63,-143.71,133.55,-95.82,306.27,-227.91,517.49,-396.31);
move_pen_rel(1056.77,431.88);
draw_curve(1056.77,431.88,-5.06,13.79,-10.16,27.57,-14.5,39.91);
draw_curve(-14.5,39.91,-4.37,13.07,-6.53,21.76,-6.53,27.57);
draw_curve(-6.53,27.57,0,10.16,2.91,19.6,8.69,27.59);
draw_curve(8.69,27.59,5.81,8.69,11.63,13.07,18.88,13.07);
draw_curve(18.88,13.07,22.5,0,100.89,-47.91,235.16,-143.71);
draw_curve(235.16,-143.71,134.27,-95.82,307.02,-227.91,518.24,-396.31);
draw_line(518.24,-396.31,0,174.21);
draw_line(0,174.21,-52.98,40.63);
draw_curve(-52.98,40.63,-498.64,387.59,-796.94,582.09,-896.39,582.09);
draw_curve(-896.39,582.09,-21.04,0,-39.91,-10.16,-57.32,-29.04);
draw_curve(-57.32,-29.04,-16.69,-19.59,-25.41,-43.54,-25.41,-71.85);
draw_curve(-25.41,-71.85,0,-13.78,5.09,-37.01,14.5,-68.2);
draw_curve(14.5,-68.2,10.19,-31.22,23.97,-68.23,42.85,-111.05);
draw_line(42.85,-111.05,139.34,-317.2);
draw_curve(139.34,-317.2,-142.24,211.94,-265.64,362.19,-370.87,450.73);
draw_curve(-370.87,450.73,-105.98,89.29,-210.5,133.55,-313.55,133.55);
draw_curve(-313.55,133.55,-108.15,0,-195.97,-45.72,-263.48,-136.43);
draw_curve(-263.48,-136.43,-68.23,-90.73,-102.33,-209.03,-102.33,-354.93);
draw_curve(-102.33,-354.93,0,-108.15,20.32,-210.5,61.7,-307.74);
draw_curve(61.7,-307.74,41.35,-97.26,103.05,-192.34,187.25,-285.98);
draw_curve(187.25,-285.98,141.52,-154.59,309.2,-277.98,503.71,-370.16);
draw_curve(503.71,-370.16,193.78,-92.17,381.78,-138.65,562.5,-138.65);
draw_curve(562.5,-138.65,75.48,0,142.27,7.28,200.34,22.5);
draw_curve(200.34,22.5,58.05,15.25,114.68,39.94,169.84,74.04);
draw_line(169.84,74.04,-8.72,165.49);
draw_curve(-8.72,165.49,-59.51,-39.19,-118.3,-68.23,-177.09,-86.39);
draw_curve(-177.09,-86.39,-58.79,-18.13,-121.96,-27.57,-188,-27.57);
draw_curve(-188,-27.57,-158.96,0,-325.15,41.35,-500.08,123.39);
draw_curve(-500.08,123.39,-174.19,82.01,-315.74,186.53,-424.6,312.8);
draw_curve(-424.6,312.8,-69.67,80.57,-123.39,165.5,-160.4,254.04);
draw_curve(-160.4,254.04,-37.75,88.55,-56.61,174.93,-56.61,260.57);
draw_curve(-56.61,260.57,0,98.7,21.04,177.09,62.42,234.44);
draw_curve(62.42,234.44,42.1,57.33,97.99,86.36,166.94,86.36);
draw_curve(166.94,86.36,86.36,0,195.97,-71.86,328.8,-214.85);
draw_curve(328.8,-214.85,132.09,-143.71,345.47,-430.39,638.7,-860.8);
draw_line(638.7,-860.8,170.56,16.69);
draw_line(170.56,16.69,-411.54,881.14);
draw_line(-411.54,881.14,0,0);
move_pen_rel(2262.37,-427.5);
draw_line(2262.37,-427.5,0,178.53);
draw_curve(0,178.53,-254.04,197.44,-445.66,328.08,-576.28,391.22);
draw_curve(-576.28,391.22,-130.65,63.13,-257.67,97.98,-381.06,105.24);
draw_curve(-381.06,105.24,-82.01,38.47,-148.8,65.32,-199.59,81.29);
draw_curve(-199.59,81.29,-51.54,15.25,-96.54,23.22,-136.46,23.22);
draw_curve(-136.46,23.22,-74.76,0,-140.8,-16.69,-197.41,-50.07);
draw_curve(-197.41,-50.07,-57.35,-33.38,-85.67,-71.14,-85.67,-113.96);
draw_curve(-85.67,-113.96,0,-16.69,8.72,-29.76,24.69,-37.01);
draw_curve(24.69,-37.01,15.97,-8,42.82,-11.63,79.83,-11.63);
draw_curve(79.83,-11.63,18.15,0,55.16,2.19,110.33,8);
draw_curve(110.33,8,55.89,5.79,101.61,8.69,138.65,8.69);
draw_curve(138.65,8.69,25.38,0,76.2,-4.35,150.96,-13.07);
draw_curve(150.96,-13.07,17.41,-1.44,30.47,-2.91,40.63,-3.63);
draw_curve(40.63,-3.63,102.35,-119.74,177.83,-270.73,227.19,-453.63);
draw_curve(227.19,-453.63,50.07,-182.91,75.48,-408.63,76.92,-677.89);
draw_curve(76.92,-677.89,-178.53,196.69,-338.93,361.46,-481.2,493.55);
draw_curve(-481.2,493.55,-141.52,132.83,-261.29,228.63,-359.28,288.14);
draw_line(-359.28,288.14,0,-174.19);
draw_curve(0,-174.19,169.12,-129.2,328.8,-270.73,480.48,-423.88);
draw_curve(480.48,-423.88,152.43,-153.87,291.05,-315.74,417.35,-485.57);
draw_curve(417.35,-485.57,25.41,-120.46,55.89,-207.57,90.73,-262.01);
draw_curve(90.73,-262.01,35.54,-54.42,78.39,-82.02,129.18,-82.02);
draw_curve(129.18,-82.02,28.31,0,52.98,11.63,74.04,34.13);
draw_curve(74.04,34.13,21.04,22.48,31.94,49.35,31.94,80.55);
draw_curve(31.94,80.55,0,43.56,-18.88,95.82,-57.35,155.33);
draw_curve(-57.35,155.33,-37.76,59.51,-91.45,121.21,-160.4,186.53);
draw_line(-160.4,186.53,0,161.84);
draw_curve(0,161.84,0,262.04,-23.94,496.45,-72.58,702.58);
draw_curve(-72.58,702.58,-47.91,206.15,-109.61,346.96,-184.37,422.44);
draw_curve(-184.37,422.44,82.02,-21.78,178.56,-66.79,288.14,-135.74);
draw_curve(288.14,-135.74,109.61,-68.95,286.7,-201.04,530.58,-397);
endfile();
Christmas - letter