move_pen_abs(3661.07,6002.94);
draw_curve(3661.07,6002.94,73.88,2.45,122.73,124.17,111.37,191.16);
draw_curve(111.37,191.16,-93.46,18.44,-131.66,-135.03,-111.37,-191.16);
move_pen_rel(-572.22,-110.77);
draw_curve(-572.22,-110.77,157.75,-86.48,257.6,-97.85,400.54,17.17);
draw_curve(400.54,17.17,24.02,42.89,30.04,86.93,38.84,134.22);
draw_curve(38.84,134.22,38.14,278.43,118.35,194.78,184.65,354.57);
draw_curve(184.65,354.57,95.04,229.11,-369.63,582.67,-509.78,273.78);
draw_curve(-509.78,273.78,-75.7,-166.82,126.15,-245.42,122.79,-342.08);
draw_curve(122.79,-342.08,-2.8,-81.08,-222.87,-41.61,-263.96,141.67);
draw_curve(-263.96,141.67,-93.18,582.21,571.73,643.71,745.01,202.52);
draw_curve(745.01,202.52,72.83,-185.44,96.73,-218.03,295.74,-287.66);
draw_curve(295.74,-287.66,209.73,-66.48,570.74,-254.41,511.37,-523.02);
draw_curve(511.37,-523.02,-59.34,-178.43,-293.03,-117.61,-272.7,42.74);
draw_curve(-272.7,42.74,19.76,155.77,-59.36,227.59,-194.5,304.15);
draw_curve(-194.5,304.15,-282.06,159.74,-206.81,-30.16,-278.13,-175.37);
draw_curve(-278.13,-175.37,-65.47,-133.29,-200.74,-165.59,-186.65,-346.72);
draw_curve(-186.65,-346.72,101.4,-352.44,396.9,-466.55,737.75,-407.4);
draw_curve(737.75,-407.4,131.13,22.76,356.27,53.46,448.59,153.91);
draw_curve(448.59,153.91,68.02,151.89,13.22,357.38,6.67,526.11);
draw_curve(6.67,526.11,-13.47,347.13,-11.22,487.52,-196.35,800.84);
draw_curve(-196.35,800.84,-265.24,437.83,-935.32,832.88,-1455.12,707.43);
draw_curve(-1455.12,707.43,-492.94,-126.5,-800.26,-620.85,-609.37,-1110.9);
draw_curve(-609.37,-1110.9,80.62,-206.98,289.37,-358.49,474.59,-465.95);
move_pen_rel(403.94,-222.95);
draw_curve(403.94,-222.95,-408.22,-9.36,-447.53,23.96,-743.95,294.01);
draw_curve(-743.95,294.01,-485.74,442.53,-479.72,1043.02,49.45,1448.63);
draw_curve(49.45,1448.63,197.3,151.23,423.21,232.01,672.07,234.02);
draw_curve(672.07,234.02,597.43,-2.37,1234.74,-461.56,1479.36,-997.46);
draw_curve(1479.36,-997.46,164.04,-368.07,118.13,-736.37,126.95,-1126.2);
draw_curve(126.95,-1126.2,260.38,-0.21,197.54,41.83,497.85,-18.42);
draw_curve(497.85,-18.42,156.43,-31.38,413.96,-59.74,533.73,-165.79);
draw_curve(533.73,-165.79,35.93,-46.14,72.41,-70.49,35.8,-140.3);
draw_curve(35.8,-140.3,-88.91,-92,-248.89,49.16,-340.3,84.33);
draw_curve(-340.3,84.33,-429.02,165.1,-536.71,52.28,-926.61,-54.83);
draw_curve(-926.61,-54.83,-141.44,-40.57,-239.83,-86.39,-373.5,-139.37);
draw_curve(-373.5,-139.37,-289.83,-114.84,-607.83,52.94,-814.4,253.89);
draw_curve(-814.4,253.89,-74.31,72.3,-115.36,137.77,-151.97,234.46);
draw_curve(-151.97,234.46,-11.76,32.89,-28.2,62.3,-44.49,93.04);
move_pen_abs(6478.83,5255.52);
draw_curve(6478.83,5255.52,177.73,-70.95,50.98,373.88,11.11,449.01);
draw_curve(11.11,449.01,-65.07,122.65,-169.93,305.48,-263.17,406.16);
draw_curve(-263.17,406.16,-218.2,235.63,-2.9,-753.39,252.06,-855.17);
move_pen_rel(-208.91,-34.04);
draw_line(-208.91,-34.04,-147.85,202.08);
draw_curve(-147.85,202.08,-53.03,173.76,-102.41,290.07,-133.37,472.22);
draw_curve(-133.37,472.22,-93.09,547.9,4.1,553.11,-408.85,783.11);
draw_curve(-408.85,783.11,-131.86,73.45,-358.8,128.71,-423.61,184.94);
draw_curve(-423.61,184.94,-27.88,357.58,321.55,59.59,345,56.76);
draw_curve(345,56.76,22.72,-41.88,113.69,-90.39,155.94,-119.64);
draw_curve(155.94,-119.64,118.97,-82.33,108.59,-96.54,176.7,-88.18);
draw_curve(176.7,-88.18,12.13,73.45,-33.49,198.17,-52,273.41);
draw_line(-52,273.41,-16.7,290.31);
draw_curve(-16.7,290.31,23.75,17.16,56.4,43.56,88.07,41.69);
draw_curve(88.07,41.69,147.44,-8.74,139.15,-175.67,145.4,-293.76);
draw_line(145.4,-293.76,55.07,-368.48);
draw_curve(55.07,-368.48,28.98,-122.63,13.55,-88.83,49.32,-106.5);
draw_line(49.32,-106.5,239.81,-206.45);
draw_line(239.81,-206.45,18.65,26.84);
draw_curve(18.65,26.84,130.2,75.61,15.56,554,-24,666.07);
draw_curve(-24,666.07,-155.25,439.6,313.65,443.7,309.67,265.07);
draw_curve(309.67,265.07,-71.46,-61.29,-196.07,-9.94,-151.83,-220.81);
draw_curve(-151.83,-220.81,23.72,-113.05,24.62,-239.26,53.2,-352.93);
draw_curve(53.2,-352.93,135.05,-536.98,-133.65,-512.75,-157.08,-575.44);
draw_curve(-157.08,-575.44,-1.19,-90.36,296.15,-509.96,332.46,-751.02);
draw_curve(332.46,-751.02,58.3,-386.93,-209.81,-501.54,-454,-179.3);
move_pen_abs(7713.76,6572.31);
draw_curve(7713.76,6572.31,21.99,-51.68,62.51,-118.17,75.78,-175.61);
draw_curve(75.78,-175.61,14.57,-62.98,-47.58,-120.48,-107.98,-124.86);
draw_curve(-107.98,-124.86,-191.87,-157.21,-358.33,-20.79,-524.36,100.69);
draw_curve(-524.36,100.69,-157.98,115.6,-261.7,244.03,-355.7,414.31);
draw_curve(-355.7,414.31,-88.18,159.74,-135.8,446.14,29.66,571.02);
draw_curve(29.66,571.02,94,70.94,204.39,38.22,305.19,6.87);
draw_curve(305.19,6.87,91.23,-24.86,80.31,-0.37,144.43,-75.04);
draw_curve(144.43,-75.04,21.85,-23.83,91.09,-82.37,121.14,-47.88);
draw_curve(121.14,-47.88,62.65,71.9,60.64,143.66,182.39,143.99);
draw_curve(182.39,143.99,106.56,0.3,59.57,-99.74,59.55,-149.79);
draw_curve(59.55,-149.79,0,-21.72,-37.8,-19.63,-41.47,-99.04);
draw_curve(-41.47,-99.04,-2.54,-55.05,-4.35,-165.17,10.18,-216.39);
draw_curve(10.18,-216.39,6.81,-23.99,13.96,-47.96,20.8,-71.98);
draw_curve(20.8,-71.98,23.77,-85.57,49.96,-194.64,80.39,-276.3);
move_pen_rel(-686.57,669.84);
draw_curve(-686.57,669.84,-170.94,-8.77,-100.32,-254.43,-68.93,-354.72);
draw_curve(-68.93,-354.72,45.49,-145.24,366.33,-556.94,528.22,-472.24);
draw_line(528.22,-472.24,10.46,172.08);
draw_curve(10.46,172.08,-11.38,40.9,-129.5,468.22,-130.83,469.64);
draw_curve(-130.83,469.64,-0.27,0.3,-46.33,20.71,-51.89,24.26);
draw_curve(-51.89,24.26,-108.92,69.59,-132.34,159.27,-287.05,160.98);
move_pen_abs(8061.92,6287.34);
draw_line(8061.92,6287.34,-34.36,3.91);
draw_curve(-34.36,3.91,16.67,91.38,-153.7,747.12,-47.76,889.97);
draw_curve(-47.76,889.97,-4.48,43.56,19.21,84.2,65.54,81.46);
draw_curve(65.54,81.46,28.25,44.95,99.86,24.21,140.82,1.07);
draw_curve(140.82,1.07,56.75,-32.06,46.98,-64.57,60.72,-136.9);
draw_curve(60.72,-136.9,66.58,-350.46,-65.09,-885.39,105.45,-976.25);
draw_curve(105.45,-976.25,63.59,-88.87,284.37,-149.96,351.84,-44.62);
draw_curve(351.84,-44.62,46.83,73.15,22.53,329.54,8.47,418.1);
draw_curve(8.47,418.1,-25.81,162.67,-165.24,433.54,-85.88,589.13);
draw_curve(-85.88,589.13,61.48,120.56,244.39,96.68,177.87,-50.5);
draw_curve(177.87,-50.5,-109.46,-242.17,140.67,-722.12,37.18,-1002.28);
draw_curve(37.18,-1002.28,-127,-343.78,-679.78,-67.94,-757.37,182.1);
draw_curve(-757.37,182.1,-29.21,7.76,-24.87,10.76,-22.53,44.78);
move_pen_abs(9422.08,6913.85);
draw_curve(9422.08,6913.85,-10.07,148.11,-90.04,311.4,-53.66,446.56);
draw_curve(-53.66,446.56,172.2,39.17,146.78,-133.11,186.47,-294.71);
draw_curve(186.47,-294.71,32.43,-132.02,50.19,-350.92,68.98,-398.06);
draw_curve(68.98,-398.06,107.43,-16.59,164.48,39.11,266.21,79.28);
draw_curve(266.21,79.28,41.42,16.34,67.34,39.36,114.22,57.95);
draw_curve(114.22,57.95,130.25,51.65,536.52,314.59,625.22,223.73);
draw_curve(625.22,223.73,58.19,-77.63,-52.9,-114.48,-105.79,-131.39);
draw_curve(-105.79,-131.39,-54.37,-17.4,-520.86,-287.69,-544.2,-316.46);
draw_line(-544.2,-316.46,-248.28,-119.02);
draw_line(-248.28,-119.02,-9.03,-27.39);
draw_line(-9.03,-27.39,280.98,-265.39);
draw_curve(280.98,-265.39,20.77,-52.31,280.79,-255.19,343.54,-296.02);
draw_curve(343.54,-296.02,66.85,-43.51,114,-84.35,193.37,-117.54);
draw_curve(193.37,-117.54,81.59,-34.1,116.99,-107.54,27.85,-172.84);
draw_curve(27.85,-172.84,-113.56,-15.13,-169.2,86.07,-250.83,132.88);
draw_curve(-250.83,132.88,-76.33,43.76,-51.05,12.2,-113.07,83.98);
draw_curve(-113.07,83.98,-24.45,28.26,-63.86,66.66,-90.77,93.31);
draw_curve(-90.77,93.31,-66.88,66.23,-139.84,115.84,-204.02,174.94);
draw_curve(-204.02,174.94,-51.09,47.06,-136.68,177,-204.17,153.54);
draw_curve(-204.17,153.54,-48.2,-53.66,-11.17,-139.43,-4.2,-209.86);
draw_curve(-4.2,-209.86,6.74,-68.08,-6,-188.96,31.8,-232.54);
draw_line(31.8,-232.54,43.73,-333.22);
draw_line(43.73,-333.22,27.85,-4.32);
draw_curve(27.85,-4.32,-7.73,-66.88,-33.68,-117.98,-87.53,-141.84);
draw_curve(-87.53,-141.84,-52.87,-0.27,-133.75,8.43,-136.34,67.13);
draw_line(-136.34,67.13,-158.35,1547.3);
draw_line(-158.35,1547.3,0,0);
move_pen_abs(11968.78,7511.68);
draw_curve(11968.78,7511.68,-160.94,118.86,-254.56,423.19,-65.14,554.43);
draw_curve(-65.14,554.43,445.98,309.04,1563.77,134.33,1593.98,-662.57);
draw_curve(1593.98,-662.57,4.96,-130.99,-21.04,-268.85,-2.47,-395.44);
draw_curve(-2.47,-395.44,17.48,-119.12,104.99,-238.72,53.82,-355.39);
draw_curve(53.82,-355.39,-163.99,-373.83,105.69,-428.77,152.79,-562.85);
draw_curve(152.79,-562.85,99.52,-283.18,-244.06,-272.69,-312.71,90.87);
draw_curve(-312.71,90.87,-18.91,100.19,-65.44,693.62,-135.04,689.31);
draw_curve(-135.04,689.31,-148.26,-9.18,-364.12,-273.59,-444.89,-388.03);
draw_curve(-444.89,-388.03,-92.04,-130.41,-200.91,-570.51,-344.68,-445.82);
draw_curve(-344.68,-445.82,-119.83,103.93,134.08,462.59,212.6,554.92);
draw_curve(212.6,554.92,190.03,223.43,166.8,234.35,430.89,408.46);
draw_curve(430.89,408.46,122.98,81.07,217.04,8.65,225.47,184.81);
draw_curve(225.47,184.81,6.27,131.13,-2.03,266.7,-35.06,392.1);
draw_curve(-35.06,392.1,-55.8,211.95,-215.1,341.31,-411.59,420.78);
draw_curve(-411.59,420.78,-193.56,78.28,-505.67,120.35,-704.56,53.25);
draw_curve(-704.56,53.25,-462.67,-156.1,-147.33,-423.45,-213.41,-538.81);
move_pen_abs(14227.73,6246.17);
draw_line(14227.73,6246.17,129.66,-206.11);
draw_line(129.66,-206.11,208.26,-17.97);
draw_curve(208.26,-17.97,134.02,290.69,131.62,593.27,-128.11,792.59);
draw_curve(-128.11,792.59,-178.02,136.61,-276.66,101.61,-301.11,-118.1);
draw_curve(-301.11,-118.1,-20.19,-181.55,97.74,-367.22,91.3,-450.41);
move_pen_rel(-150.94,-193.87);
draw_curve(-150.94,-193.87,-102.82,68.89,-126.62,699.08,-91.93,837.39);
draw_curve(-91.93,837.39,77.44,308.67,492.2,108.3,640.88,-47.17);
draw_curve(640.88,-47.17,166.16,-173.72,205.25,-601.34,113.53,-829.67);
draw_curve(113.53,-829.67,-109.01,-271.37,-596.02,-122.11,-662.48,39.46);
move_pen_abs(15791.99,5939.63);
draw_curve(15791.99,5939.63,-160.76,98.94,61.29,854.98,-287,933.39);
draw_curve(-287,933.39,-214.24,48.23,-267.84,-167.79,-269.69,-331.22);
draw_curve(-269.69,-331.22,-4.21,-370.96,148.68,-319.27,152.11,-472.19);
draw_curve(152.11,-472.19,3.69,-164.24,-176.65,-239.37,-269.04,46.46);
draw_curve(-269.04,46.46,-72.37,223.89,-152.16,805.1,180.42,911.55);
draw_curve(180.42,911.55,210,67.21,391.94,-142.22,450.4,-150.13);
draw_curve(450.4,-150.13,23.64,10.44,196.24,265.96,254.65,78.8);
draw_curve(254.65,78.8,16.67,-61.8,-202.04,-139.76,-74.18,-730.95);
draw_curve(-74.18,-730.95,22.45,-103.77,129.36,-219.7,81.97,-337.02);
draw_curve(81.97,-337.02,-54.37,-134.59,-233.31,-102.52,-219.64,51.31);
move_pen_abs(17490.99,4565.05);
draw_curve(17490.99,4565.05,-75.62,292.73,-154.33,569.48,-179.6,876.02);
draw_curve(-179.6,876.02,-8.8,106.88,-81.62,949.27,-69.15,966.05);
draw_curve(-69.15,966.05,227.65,8.03,212.58,-982.94,253.5,-1178.93);
draw_curve(253.5,-1178.93,39.26,-188.02,65.55,-379.35,147.68,-559.84);
draw_curve(147.68,-559.84,37.4,-82.16,124.81,-172.62,59.03,-251.8);
draw_curve(59.03,-251.8,-68.61,-82.56,-200.96,-74.2,-199.34,106.86);
draw_line(-199.34,106.86,-12.11,41.64);
draw_line(-12.11,41.64,0,0);
move_pen_abs(17200.92,6855);
draw_curve(17200.92,6855,-288.61,92.07,-303.43,432.4,20.74,403.19);
draw_curve(20.74,403.19,271.54,-24.48,255.25,-491.24,-20.74,-403.19);
endfile();
letter "Thank you!"