move_pen_abs(36379.16,34686.41);
draw_line(36379.16,34686.41,-1683.98,-977.1);
draw_line(-1683.98,-977.1,-762.87,-2904.7);
draw_line(-762.87,-2904.7,-1141.64,-1332.43);
draw_line(-1141.64,-1332.43,-102.83,-3289.9);
draw_line(-102.83,-3289.9,-738.7,-875.93);
draw_line(-738.7,-875.93,120.41,-2634.22);
draw_line(120.41,-2634.22,-3669.94,366.99);
draw_line(-3669.94,366.99,-3383.77,-1279.31);
draw_line(-3383.77,-1279.31,3173.18,-1849.89);
draw_line(3173.18,-1849.89,4517.4,833.43);
draw_line(4517.4,833.43,-1059.18,-1460.95);
draw_line(-1059.18,-1460.95,-10524.78,-4271.99);
draw_curve(-10524.78,-4271.99,0,0,-132.68,-172.25,162.07,-140.39);
draw_curve(162.07,-140.39,294.75,31.87,2742.9,296.51,2742.9,296.51);
draw_line(2742.9,296.51,-7299.78,-6606.49);
draw_curve(-7299.78,-6606.49,0,0,-49.86,-53.24,-23.26,-111.98);
draw_curve(-23.26,-111.98,26.6,-58.74,2829.7,-6241.64,2829.7,-6241.64);
draw_curve(2829.7,-6241.64,0,0,201.93,-81.48,170.43,73.41);
draw_curve(170.43,73.41,-31.5,154.88,-1124.83,5459.58,-1124.83,5459.58);
draw_line(-1124.83,5459.58,3842.14,3521.96);
draw_line(3842.14,3521.96,215.2,-3625.84);
draw_line(215.2,-3625.84,2191.55,-3118.17);
draw_curve(2191.55,-3118.17,0,0,232.72,-82.76,164.6,97.29);
draw_curve(164.6,97.29,-68.13,180.05,-1168.75,3088.87,-1168.75,3088.87);
draw_line(-1168.75,3088.87,230.9,2770.72);
draw_line(230.9,2770.72,1857.72,-1748);
draw_line(1857.72,-1748,2034.16,-4900.69);
draw_curve(2034.16,-4900.69,0,0,208.44,-135.55,186.59,32.66);
draw_curve(186.59,32.66,-21.84,168.21,-739.94,5260.98,-739.94,5260.98);
draw_line(-739.94,5260.98,-2685.06,3545.31);
draw_line(-2685.06,3545.31,1658.02,2663.7);
draw_line(1658.02,2663.7,4175.3,1890.7);
draw_line(4175.3,1890.7,-1424.42,-2808.69);
draw_line(-1424.42,-2808.69,1289.45,-6085.47);
draw_curve(1289.45,-6085.47,0,0,191.98,-120.78,191.98,20.23);
draw_curve(191.98,20.23,0,141.01,0,6024.21,0,6024.21);
draw_line(0,6024.21,1358.18,2272.38);
draw_line(1358.18,2272.38,1163.62,-2016.94);
draw_line(1163.62,-2016.94,-222.58,-4042.28);
draw_curve(-222.58,-4042.28,0,0,142.97,-168.23,186.25,-34.33);
draw_curve(186.25,-34.33,43.27,133.9,1350.46,4258.97,1350.46,4258.97);
draw_line(1350.46,4258.97,-1496.43,2918.28);
draw_line(-1496.43,2918.28,1613.11,2607.85);
draw_line(1613.11,2607.85,1749.98,-511.54);
draw_line(1749.98,-511.54,1804.5,511.54);
move_pen_abs(38106.21,20333.13);
draw_line(38106.21,20333.13,1613.11,-2607.85);
draw_line(1613.11,-2607.85,-1493.83,-2966.61);
draw_curve(-1493.83,-2966.61,0,0,1291.47,-3992.77,1344.69,-4202.16);
draw_curve(1344.69,-4202.16,53.22,-209.39,194.13,-67.83,189.39,25.84);
draw_curve(189.39,25.84,-4.74,93.68,-222.56,4042.28,-222.56,4042.28);
draw_line(-222.56,4042.28,1163.6,2016.94);
draw_line(1163.6,2016.94,1358.22,-2272.38);
draw_line(1358.22,-2272.38,0,-6024.21);
draw_curve(0,-6024.21,0,0,163.47,-154.11,191.98,-20.23);
draw_curve(191.98,-20.23,28.51,133.88,1288.35,6091.28,1288.35,6091.28);
draw_line(1288.35,6091.28,-1423.35,2802.88);
draw_line(-1423.35,2802.88,4175.3,-1890.7);
draw_line(4175.3,-1890.7,1658.02,-2663.7);
draw_line(1658.02,-2663.7,-2682.22,-3540.4);
draw_line(-2682.22,-3540.4,-742.74,-5265.9);
draw_curve(-742.74,-5265.9,0,0,118.24,-197.28,186.56,-32.66);
draw_curve(186.56,-32.66,68.32,164.62,2034.1,4900.69,2034.1,4900.69);
draw_line(2034.1,4900.69,1855.3,1777.94);
draw_line(1855.3,1777.94,233.38,-2800.67);
draw_line(233.38,-2800.67,-1168.74,-3088.87);
draw_curve(-1168.74,-3088.87,0,0,41.11,-273.74,245.04,16.46);
draw_curve(245.04,16.46,203.93,290.2,2120.28,3021.73,2120.28,3021.73);
draw_line(2120.28,3021.73,206.03,3608.52);
draw_line(206.03,3608.52,3842.1,-3521.96);
draw_line(3842.1,-3521.96,-1118.09,-5424.74);
draw_curve(-1118.09,-5424.74,0,0,91.46,-276.99,197.44,-42.91);
draw_curve(197.44,-42.91,105.98,234.09,2802.41,6236.94,2802.41,6236.94);
draw_line(2802.41,6236.94,-7329.45,6657.83);
draw_line(-7329.45,6657.83,2709.79,-292.94);
draw_curve(2709.79,-292.94,0,0,358.09,90.96,81.84,202.57);
draw_curve(81.84,202.57,-276.25,111.61,-10381.5,4194.13,-10381.5,4194.13);
draw_line(-10381.5,4194.13,-1089.14,1473.06);
draw_line(-1089.14,1473.06,4504.71,-836.96);
draw_line(4504.71,-836.96,3115.39,1762.94);
draw_curve(3115.39,1762.94,0,0,177.52,126.65,-37.95,204);
draw_curve(-37.95,204,-215.47,77.35,-3245.91,1164.22,-3245.91,1164.22);
draw_line(-3245.91,1164.22,-3699.34,-365.42);
draw_line(-3699.34,-365.42,114.41,2658.53);
draw_line(114.41,2658.53,-749.78,892.24);
draw_line(-749.78,892.24,-94.43,3275.67);
draw_line(-94.43,3275.67,-1133.02,1306.03);
draw_line(-1133.02,1306.03,-781.82,2926.5);
draw_line(-781.82,2926.5,-1571.24,958.7);
move_pen_abs(36328.95,34489.71);
draw_line(0,0,-1423.17,-867.409999999996);
draw_line(0,0,575.330000000002,-1071.88);
draw_line(0,0,858.650000000001,449.860000000001);
draw_line(0,0,849.18,-427.259999999998);
draw_line(0,0,563.189999999995,1049.28);
move_pen_abs(34936.13,33155.34);
draw_line(0,0,400.580000000002,-746.339999999997);
draw_line(0,0,-224.989999999998,-686.200000000001);
move_pen_abs(34745.37,33116.11);
draw_line(0,0,-189.480000000003,-690.170000000002);
draw_line(0,0,354.010000000002,-651.809999999998);
move_pen_abs(34935.04,31321.16);
draw_line(0,0,-450.849999999999,830.09);
draw_line(0,0,-292.360000000001,-1199.6);
move_pen_abs(35190.85,31341.2);
draw_line(0,0,1138.1,-370.920000000002);
draw_line(0,0,1138.12,370.920000000002);
draw_line(0,0,-331.309999999998,1010.36);
draw_line(0,0,-806.810000000005,441.639999999996);
draw_line(0,0,-806.829999999994,-441.639999999996);
move_pen_abs(37721.78,33155.34);
draw_line(0,0,-175.580000000002,-1432.54);
draw_line(0,0,-224.969999999994,686.16);
draw_line(0,0,391.239999999998,729.029999999999);
move_pen_abs(37915.56,33140.82);
draw_line(0,0,186.459999999999,-714.84);
draw_line(0,0,-353.979999999996,-651.829999999998);
move_pen_abs(38173.72,32151.25);
draw_line(0,0,-450.82,-830.09);
draw_line(0,0,766.839999999997,-381.25);
move_pen_abs(37686.61,31122.41);
draw_line(0,0,0,-1254.93);
draw_line(0,0,206.139999999999,-349.07);
draw_line(0,0,598.559999999998,1203.91);
move_pen_abs(38658.4,30586.21);
draw_line(0,0,912.979999999996,-1048.24);
draw_line(0,0,-1507.43,-111.060000000001);
move_pen_abs(38063.95,29426.91);
draw_line(0,0,594.450000000004,1159.3);
move_pen_abs(37492.53,31145.37);
draw_line(0,0,0,-1238.7);
draw_line(0,0,-1163.58,-465.419999999998);
draw_line(0,0,-1163.57999999999,465.419999999998);
draw_line(0,0,0,1238.7);
draw_line(0,0,1176.66,-373.110000000001);
move_pen_abs(34971.28,31122.41);
draw_line(0,0,0,-1254.93);
draw_line(0,0,-206.119999999995,-349.07);
draw_line(0,0,-613.490000000005,1196.49);
move_pen_abs(33999.54,30586.21);
draw_line(0,0,594.409999999996,-1159.3);
draw_line(0,0,-1507.41,111.060000000001);
move_pen_abs(32931.04,27523.79);
draw_line(0,0,1426.77,1304.76);
draw_line(0,0,-1101.14999999999,-1864.83);
draw_line(0,0,-347.480000000003,-284.920000000002);
move_pen_abs(32938.93,27820.83);
draw_line(0,0,1585.11,1416.59);
draw_line(0,0,-1543.84,113.780000000002);
move_pen_abs(34625.1,27048.26);
draw_line(0,0,516.139999999999,2659.02);
draw_line(0,0,1038.58,-415.399999999998);
move_pen_abs(34619.76,26699.75);
draw_line(34619.76,26699.75,1709.2,2466.61);
draw_line(1709.2,2466.61,1709.23,-2466.61);
draw_line(1709.23,-2466.61,-1059.13,-64.55);
draw_line(-1059.13,-64.55,-576.24,691.41);
draw_curve(-576.24,691.41,0,0,-62.99,79.65,-164.25,-19.76);
draw_curve(-164.25,-19.76,-101.26,-99.41,-559.7,-671.65,-559.7,-671.65);
draw_line(-559.7,-671.65,-1059.1,64.55);
draw_line(-1059.1,64.55,0,0);
move_pen_abs(37792.04,29307.23);
draw_line(0,0,1427.54,-2417.51);
draw_line(0,0,-384.440000000002,-1053.31);
draw_line(0,0,-527.330000000002,813.900000000001);
move_pen_abs(38300.07,28828.59);
draw_line(0,0,1426.04,-1274.37);
draw_line(0,0,22.6500000000015,-875.420000000002);
draw_line(0,0,-347.5,284.93);
move_pen_abs(34855.33,29252.98);
draw_line(0,0,-505.18,-2602.63);
draw_line(0,0,-527.389999999999,-813.98);
draw_line(0,0,-384.380000000005,1053.31);
move_pen_abs(33287.22,26737.73);
draw_line(0,0,330.970000000001,-906.849999999999);
draw_line(0,0,-719.150000000001,398);
draw_line(0,0,3.94000000000233,193.779999999999);
move_pen_abs(32628.73,25780.03);
draw_line(0,0,-98.1399999999994,-604.169999999998);
draw_line(0,0,-349.080000000002,-719.68);
draw_line(0,0,-36.989999999998,801.189999999999);
move_pen_abs(32660.19,24998.26);
draw_line(0,0,172.610000000004,-128.859999999997);
draw_line(0,0,-422.390000000003,-385.960000000003);
move_pen_abs(32729.35,25188.86);
draw_line(0,0,133.910000000003,824.399999999998);
draw_line(0,0,769.889999999999,-412.519999999997);
draw_line(0,0,-654.470000000001,-598.070000000003);
move_pen_abs(33137.02,24884.5);
draw_line(0,0,196.140000000007,-146.549999999999);
draw_line(0,0,212.279999999999,519.719999999998);
move_pen_abs(33001.44,24743.45);
draw_line(0,0,255.939999999995,-191.100000000002);
draw_line(0,0,-1058.46,-2591.36);
draw_line(0,0,68.5900000000001,588.75);
draw_line(0,0,-66.3099999999977,1479.55);
move_pen_abs(33533.28,24714.59);
draw_line(0,0,-667.760000000002,-3634);
draw_line(0,0,-583.299999999996,571);
move_pen_abs(30884.02,22595.6);
draw_line(0,0,-2318.3,-118.68);
draw_line(0,0,-2285.81,-405.079999999998);
draw_line(0,0,2122.2,771.990000000002);
move_pen_abs(32051.97,22461.08);
draw_line(0,0,-64.0300000000025,-666.170000000002);
draw_line(0,0,-3640.58,-827.650000000001);
draw_line(0,0,-2797.42,777.870000000003);
draw_line(0,0,3031.73,538.239999999998);
move_pen_abs(33806.5,25127.56);
draw_line(0,0,-767,-4174.02);
draw_line(0,0,1786.13,-498.209999999999);
move_pen_abs(34492.44,26513.07);
draw_line(0,0,1120.57999999999,-68.3100000000013);
draw_line(0,0,-684.349999999999,-5551.17);
draw_line(0,0,-1026.89,4707.83);
move_pen_abs(36328.95,27112.07);
draw_line(0,0,514.160000000003,-616.93);
draw_line(0,0,753.080000000002,-6108.85);
draw_line(0,0,-1267.24000000001,-370.43);
draw_line(0,0,-1267.25999999999,370.43);
draw_line(0,0,753.099999999999,6108.85);
move_pen_abs(37044.9,26444.76);
draw_line(0,0,1120.56,68.3100000000013);
draw_line(0,0,590.660000000003,-911.650000000001);
draw_line(0,0,-1026.92000000001,-4707.83);
move_pen_abs(38851.41,25127.56);
draw_line(0,0,767.009999999995,-4174.02);
draw_line(0,0,-1786.18,-498.25);
move_pen_abs(39039.77,25830.88);
draw_line(0,0,330.970000000001,906.849999999999);
draw_line(0,0,384.240000000005,-315.049999999999);
draw_line(0,0,3.90999999999622,-193.799999999999);
move_pen_abs(39792.64,26025.73);
draw_line(0,0,135.970000000001,-836.869999999999);
draw_line(0,0,-249.330000000002,-186.190000000002);
draw_line(0,0,-654.510000000002,598.070000000003);
move_pen_abs(39126,25224.56);
draw_line(0,0,394.900000000001,-340.100000000002);
draw_line(0,0,-196.120000000003,-146.509999999998);
move_pen_abs(40127.3,25175.92);
draw_line(0,0,-98.1300000000047,604.120000000003);
draw_line(0,0,484.240000000005,-522.670000000002);
draw_line(0,0,-36.9800000000032,-801.149999999998);
move_pen_abs(39997.79,24998.26);
draw_line(0,0,249.75,-514.82);
draw_line(0,0,-422.389999999999,385.960000000003);
move_pen_abs(39400.58,24552.35);
draw_line(0,0,266.199999999997,198.790000000001);
draw_line(0,0,789.940000000002,-721.829999999998);
draw_line(0,0,-67.0299999999988,-1470.75);
draw_line(0,0,69.3099999999977,-597.610000000001);
move_pen_abs(39124.68,24714.46);
draw_line(0,0,1251.04,-3062.91);
draw_line(0,0,-583.330000000002,-570.959999999999);
move_pen_abs(40610.15,21609.43);
draw_line(0,0,-679.110000000001,-664.75);
draw_line(0,0,4389.9,-823.130000000001);
draw_line(0,0,-94.6600000000035,665.790000000001);
move_pen_abs(40669.98,21794.91);
draw_line(0,0,-64.0600000000049,666.170000000002);
draw_line(0,0,3470.37,-177.710000000003);
draw_line(0,0,3031.7,-538.239999999998);
draw_line(0,0,-2797.46,-777.870000000003);
move_pen_abs(44420.99,20796.5);
draw_line(0,0,2391.03,664.84);
draw_line(0,0,-2300,-1305.38);
move_pen_abs(41773.93,22595.6);
draw_line(0,0,2318.29,-118.68);
draw_line(0,0,2341.61,-414.989999999998);
draw_line(0,0,-2178.06,781.900000000001);
move_pen_abs(39636.88,20757.26);
draw_line(0,0,-1336.36,-369.299999999999);
draw_line(0,0,1421.62,-2298.26);
move_pen_abs(39837.07,20570.57);
draw_line(0,0,82.9599999999991,-2596.74);
draw_line(0,0,1016.71,1129.15);
move_pen_abs(41109.81,19005.11);
draw_line(0,0,-1086,-1206.05);
draw_line(0,0,1919.96,-289.18);
draw_line(0,0,1835.32,-831.09);
move_pen_abs(41600.8,18834.66);
draw_line(0,0,3771.35,-1523.61);
draw_line(0,0,-1030.05,-865.469999999998);
move_pen_abs(44521.33,16342.67);
draw_line(0,0,1040.87,874.550000000001);
draw_line(0,0,2666.87,-1958.23);
draw_line(0,0,-243.510000000002,-717.869999999999);
draw_line(0,0,-1577.69,946.589999999998);
move_pen_abs(46239.54,16960.61);
draw_line(0,0,2140.64,-1571.8);
draw_line(0,0,2389.36,-258.309999999999);
move_pen_abs(48388.23,15124.03);
draw_line(0,0,-232.980000000003,-686.810000000001);
draw_line(0,0,3285.86,-2076.15);
move_pen_abs(46652.84,15114.39);
draw_line(46652.84,15114.39,1324.17,-794.51);
draw_line(1324.17,-794.51,4502.23,-4851.44);
draw_line(4502.23,-4851.44,-2241.37,2054.66);
draw_curve(-2241.37,2054.66,0,0,-56.46,73.37,-197.36,0.89);
draw_curve(-197.36,0.89,-140.89,-72.48,-1302.69,-669.97,-1302.69,-669.97);
draw_line(-1302.69,-669.97,-578.44,1834.29);
draw_line(-578.44,1834.29,-1506.55,2426.08);
draw_line(-1506.55,2426.08,0,0);
move_pen_abs(52264.72,11611.1);
draw_line(0,0,1563.87,-3311.35);
draw_line(0,0,-5212.16,5616.47);
move_pen_abs(52635.83,11279.85);
draw_line(0,0,3051.64,-2761.85);
draw_line(0,0,-1455.18,-618.43);
move_pen_abs(49986.22,11277.8);
draw_line(0,0,-997.790000000001,-3096.56);
draw_line(0,0,-206.400000000001,2477.22);
move_pen_abs(48060.47,12356.57);
draw_line(0,0,508.75,-1613.17);
draw_line(0,0,-1565.35,-1500.1);
move_pen_abs(50011.93,10724.65);
draw_line(0,0,-163.239999999998,-2937.85);
draw_line(0,0,-783.410000000003,0);
move_pen_abs(49753.69,7592.69);
draw_line(0,0,-1634.97,-2326.69);
draw_line(0,0,880.349999999999,2326.69);
move_pen_abs(47757.78,12090.68);
draw_line(0,0,-1157,-3195.25);
draw_line(0,0,-1082.57,239.889999999999);
move_pen_abs(45431.04,8955.85);
draw_line(0,0,1097.96,-243.33);
draw_line(0,0,-1706.76,-4112.09);
move_pen_abs(42296.56,14493.05);
draw_line(0,0,-255.07,2444.17);
draw_line(0,0,1244.72,-2444.17);
move_pen_abs(42252.91,14298.93);
draw_line(0,0,1071.73,0);
draw_line(0,0,-1071.73,-5032.34);
move_pen_abs(42024.43,14805.11);
draw_line(0,0,-210.970000000001,2531.68);
draw_line(0,0,-1713.85,254.779999999999);
draw_line(0,0,682.82,-708.529999999999);
move_pen_abs(39855.15,17564.97);
draw_line(0,0,702.580000000002,-725.300000000003);
draw_line(0,0,-1885.77,-1619.58);
move_pen_abs(40330.81,16388.98);
draw_line(0,0,-944.159999999996,-1636.61);
draw_line(0,0,-839.239999999998,104.949999999999);
move_pen_abs(39346.08,14561.89);
draw_line(0,0,177.869999999995,-3224.06);
draw_line(0,0,-1067.25999999999,3335.23);
move_pen_abs(33021.04,20757.26);
draw_line(0,0,-85.2200000000012,-2667.56);
draw_line(0,0,1421.58,2298.23);
move_pen_abs(32726.92,20944.68);
draw_line(0,0,-679.149999999998,664.75);
draw_line(0,0,-3616.12,-822.09);
draw_line(0,0,-94.6100000000006,-665.790000000001);
move_pen_abs(32820.91,20570.61);
draw_line(0,0,-83.0000000000036,-2596.78);
draw_line(0,0,-1016.69,1129.15);
move_pen_abs(28236.91,20796.52);
draw_line(0,0,-91.0499999999993,-640.540000000001);
draw_line(0,0,-2299.97,1305.36);
move_pen_abs(31548.11,19005.11);
draw_line(0,0,1086,-1206.05);
draw_line(0,0,-1894.19,-281.560000000001);
draw_line(0,0,-1861.09,-838.709999999999);
move_pen_abs(32558.31,17591.57);
draw_line(0,0,-680.740000000002,-705.48);
draw_line(0,0,-1244.02,-2080.96);
draw_line(0,0,210.98,2531.66);
move_pen_abs(30616.43,16937.16);
draw_line(0,0,-203.670000000002,-2444.11);
draw_line(0,0,-1040.99,0);
move_pen_abs(32802.78,17564.95);
draw_line(0,0,1223.91,-2379.79);
draw_line(0,0,-1926.5,1654.51);
move_pen_abs(32327.11,16388.96);
draw_line(0,0,1783.4,-1531.64);
draw_line(0,0,-839.240000000005,-104.949999999999);
move_pen_abs(31057.13,18834.66);
draw_line(0,0,-2741.27,-2389.08);
draw_line(0,0,-1030.09,865.469999999998);
move_pen_abs(27095.76,17217.22);
draw_line(0,0,1040.83,-874.550000000001);
draw_line(0,0,-1876.65,-849.790000000001);
draw_line(0,0,-1587.58,-951.759999999998);
draw_line(0,0,-243.470000000001,717.869999999999);
move_pen_abs(26418.44,16960.65);
draw_line(0,0,-2140.68,-1571.84);
draw_line(0,0,-2389.41,-258.309999999999);
move_pen_abs(24269.71,15124.03);
draw_line(0,0,232.959999999999,-686.810000000001);
draw_line(0,0,-3285.78,-2076.09);
move_pen_abs(26005.1,15114.41);
draw_line(0,0,-1496.37,-2404.01);
draw_line(0,0,-588.669999999998,-1856.38);
draw_line(0,0,-1437.44,711.09);
draw_line(0,0,-2303.97,-2096.67);
draw_line(0,0,4502.3,4851.48);
move_pen_abs(24041.5,13916.22);
draw_line(0,0,-5212.21,-5616.47);
draw_line(0,0,1609.49,3340.15);
move_pen_abs(20022.07,11279.79);
draw_line(0,0,-1596.46,-3380.22);
draw_line(0,0,-1455.16,618.43);
move_pen_abs(19337.11,3103.11);
draw_line(0,0,-948.34,4601.22);
draw_line(0,0,-1357.44,576.950000000001);
draw_line(0,0,2282.62,-5126.99);
move_pen_abs(22904.23,7592.69);
draw_line(0,0,1634.97,-2326.69);
draw_line(0,0,-880.350000000002,2326.69);
move_pen_abs(22809.23,7786.8);
draw_line(0,0,783.420000000002,0);
draw_line(0,0,-946.640000000003,2937.83);
move_pen_abs(23669.48,8181.28);
draw_line(0,0,206.41,2477.22);
draw_line(0,0,-1204.19,619.299999999999);
move_pen_abs(24088.66,10743.44);
draw_line(0,0,1673.64,-1603.88);
draw_line(0,0,-1164.85,3217.01);
move_pen_abs(24900.2,12090.62);
draw_line(0,0,2239.53,-2955.3);
draw_line(0,0,-1082.61,-239.889999999999);
move_pen_abs(27226.9,8955.85);
draw_line(0,0,-1098.02,-243.33);
draw_line(0,0,1706.84,-4112.13);
move_pen_abs(29333.34,14298.93);
draw_line(0,0,1071.67,0);
draw_line(0,0,0,-5032.34);
move_pen_abs(33311.84,14561.89);
draw_line(0,0,889.370000000003,111.17);
draw_line(0,0,-1067.24,-3335.23);
move_pen_abs(37516.66,29707.28);
draw_line(0,0,516.159999999996,-2659.02);
draw_line(0,0,-1554.7,2243.62);
move_pen_abs(38133.88,29237.42);
draw_line(0,0,1543.82,113.780000000002);
draw_line(0,0,41.3400000000038,-1530.37);
move_pen_abs(53320.85,3103.11);
draw_line(0,0,948.300000000003,4601.22);
draw_line(0,0,1404.95,597.110000000001);
endfile();
head of Deer 1.2m fault
