move_pen_abs(35108.36,19029.56);
draw_line(0,0,56.5800000000017,-56.5800000000017);
move_pen_abs(35113.49,19191.46);
draw_line(0,0,293.849999999999,-293.849999999999);
move_pen_abs(35116.18,19355.81);
draw_line(0,0,540.669999999998,-540.68);
move_pen_abs(35115.72,19523.3);
draw_line(0,0,795.610000000001,-795.599999999999);
move_pen_abs(35111.29,19694.77);
draw_line(0,0,1056.49,-1056.49);
move_pen_abs(35101.43,19871.65);
draw_line(0,0,1321.36,-1321.35);
move_pen_abs(35083.31,20056.8);
draw_line(0,0,1589.99000000001,-1589.98);
move_pen_abs(35052.03,20255.12);
draw_line(0,0,1864.91,-1864.9);
move_pen_abs(34998.52,20475.67);
draw_line(0,0,2154.12,-2154.13);
move_pen_abs(34921.48,20719.74);
draw_line(0,0,2458.6,-2458.6);
move_pen_abs(34866.91,20941.34);
draw_line(0,0,2732.74,-2732.74);
move_pen_abs(35139.49,20835.79);
draw_line(0,0,2675.18,-2675.18);
move_pen_abs(35454.63,20687.69);
draw_line(35454.63,20687.69,1460.43,-1460.44);
move_pen_rel(233.4,-233.4);
draw_line(233.4,-233.4,878.64,-878.64);
move_pen_abs(35770.44,20538.92);
draw_line(35770.44,20538.92,978.39,-978.4);
move_pen_rel(655.17,-655.16);
draw_line(655.17,-655.16,833.7,-833.7);
move_pen_abs(36113.52,20362.87);
draw_line(36113.52,20362.87,453.39,-453.39);
move_pen_rel(1078.79,-1078.79);
draw_line(1078.79,-1078.79,800.54,-800.54);
move_pen_abs(37886.76,18756.66);
draw_line(0,0,765.799999999996,-765.810000000001);
move_pen_abs(38131.5,18678.95);
draw_line(0,0,725.099999999999,-725.100000000002);
move_pen_abs(38381.84,18595.64);
draw_line(0,0,676.450000000004,-676.450000000001);
move_pen_abs(38640.39,18504.13);
draw_line(0,0,616.25,-616.25);
move_pen_abs(38910.8,18400.75);
draw_line(0,0,539.799999999996,-539.799999999999);
move_pen_abs(39198.76,18279.83);
draw_line(0,0,440.589999999997,-440.59);
move_pen_abs(39515.33,18130.28);
draw_line(0,0,306.059999999998,-306.049999999999);
move_pen_abs(39900.16,17912.48);
draw_line(0,0,92.5499999999956,-92.5400000000009);
move_pen_abs(43692.05,18630.5);
draw_line(0,0,12.6599999999962,-12.6699999999983);
move_pen_abs(43742.39,18747.18);
draw_line(0,0,77.7799999999988,-77.7700000000004);
move_pen_abs(43798.42,18858.19);
draw_line(0,0,141.540000000001,-141.539999999997);
move_pen_abs(43858.19,18965.45);
draw_line(0,0,199.290000000001,-199.290000000001);
move_pen_abs(43920.96,19069.71);
draw_line(0,0,252.209999999999,-252.209999999999);
move_pen_abs(43986.16,19171.55);
draw_line(0,0,301.269999999997,-301.27);
move_pen_abs(44053.28,19271.46);
draw_line(0,0,347.330000000002,-347.329999999998);
move_pen_abs(44121.93,19369.85);
draw_line(0,0,391.010000000002,-391.019999999997);
move_pen_abs(44191.93,19466.89);
draw_line(0,0,432.629999999997,-432.639999999999);
move_pen_abs(44263.13,19562.71);
draw_line(0,0,472.470000000001,-472.469999999998);
move_pen_abs(44335.41,19657.46);
draw_line(0,0,510.809999999998,-510.799999999999);
move_pen_abs(44408.63,19751.28);
draw_line(0,0,547.910000000003,-547.919999999998);
move_pen_abs(44482.67,19844.27);
draw_line(0,0,584.029999999999,-584.040000000001);
move_pen_abs(44557.46,19936.52);
draw_line(0,0,619.300000000003,-619.299999999999);
move_pen_abs(44632.95,20028.05);
draw_line(0,0,653.889999999999,-653.889999999999);
move_pen_abs(44709.1,20118.94);
draw_line(0,0,688.010000000002,-688.009999999998);
move_pen_abs(44785.85,20209.22);
draw_line(0,0,721.889999999999,-721.889999999999);
move_pen_abs(44863.17,20298.94);
draw_line(0,0,755.700000000004,-755.699999999997);
move_pen_abs(44940.98,20388.16);
draw_line(0,0,789.689999999995,-789.689999999999);
move_pen_abs(45019.28,20476.89);
draw_line(0,0,824.040000000001,-824.040000000001);
move_pen_abs(45098.04,20565.17);
draw_line(0,0,858.940000000002,-858.949999999997);
move_pen_abs(45177.24,20652.99);
draw_line(0,0,894.5,-894.490000000002);
move_pen_abs(45256.89,20740.38);
draw_line(0,0,929.660000000003,-929.66);
move_pen_abs(45336.95,20827.35);
draw_line(0,0,964.330000000002,-964.32);
move_pen_abs(45417.42,20913.92);
draw_line(0,0,998.709999999999,-998.709999999999);
move_pen_abs(45498.28,21000.09);
draw_line(0,0,1033.03,-1033.03);
move_pen_abs(45579.51,21085.89);
draw_line(0,0,1067.54,-1067.54);
move_pen_abs(45661.1,21171.33);
draw_line(0,0,1102.47,-1102.46);
move_pen_abs(45743.04,21256.44);
draw_line(0,0,1138.04,-1138.05);
move_pen_abs(45825.3,21341.21);
draw_line(0,0,1174.53999999999,-1174.55);
move_pen_abs(45907.91,21425.62);
draw_line(0,0,1212.17,-1212.16);
move_pen_abs(45990.93,21509.63);
draw_line(0,0,1251.21,-1251.2);
move_pen_abs(46074.39,21593.2);
draw_line(0,0,1292.78,-1292.77);
move_pen_abs(46158.33,21676.3);
draw_line(0,0,1337.63,-1337.63);
move_pen_abs(46242.79,21758.88);
draw_line(0,0,1386.16,-1386.16);
move_pen_abs(46327.8,21840.9);
draw_line(0,0,1433.00999999999,-1433.01);
move_pen_abs(46413,21922.74);
draw_line(0,0,1468.67,-1468.67);
move_pen_abs(46497.95,22004.81);
draw_line(0,0,1493.16,-1493.16);
move_pen_abs(53210.35,15459.45);
draw_line(0,0,153.880000000005,-153.880000000001);
move_pen_abs(46582.73,22087.07);
draw_line(0,0,1511.38,-1511.38);
move_pen_abs(53210.64,15626.19);
draw_line(0,0,328.370000000003,-328.360000000001);
move_pen_abs(46667.41,22169.43);
draw_line(0,0,1525.88,-1525.89);
move_pen_abs(53226.42,15777.45);
draw_line(0,0,471.380000000005,-471.380000000001);
move_pen_abs(46752.03,22251.83);
draw_line(0,0,1538.22,-1538.22);
move_pen_abs(53250.92,15919.98);
draw_line(0,0,584.950000000004,-584.949999999999);
move_pen_abs(46836.69,22334.21);
draw_line(0,0,1548.54,-1548.54);
move_pen_abs(53358.32,15979.61);
draw_line(0,0,609.970000000001,-609.970000000001);
move_pen_abs(46921.43,22416.5);
draw_line(0,0,1556.31,-1556.31);
move_pen_abs(53470.85,16034.12);
draw_line(0,0,676.020000000004,-676.02);
move_pen_abs(47006.26,22498.7);
draw_line(0,0,1562.5,-1562.49);
move_pen_abs(53586.27,16085.73);
draw_line(0,0,719.650000000001,-719.65);
move_pen_abs(47091.15,22580.85);
draw_line(0,0,1567.91,-1567.91);
move_pen_abs(53703.39,16135.64);
draw_line(0,0,753.139999999999,-753.139999999999);
move_pen_abs(47176.08,22662.95);
draw_line(0,0,1572.62,-1572.62);
move_pen_abs(53821.75,16184.31);
draw_line(0,0,780.290000000001,-780.279999999999);
move_pen_abs(47261.09,22744.98);
draw_line(0,0,1576.67000000001,-1576.67);
move_pen_abs(53941.19,16231.91);
draw_line(0,0,803.040000000001,-803.039999999999);
move_pen_abs(47346.16,22826.94);
draw_line(0,0,1580.16,-1580.16);
move_pen_abs(54061.52,16278.61);
draw_line(0,0,822.230000000003,-822.220000000001);
move_pen_abs(47431.31,22908.82);
draw_line(0,0,1583.18,-1583.18);
move_pen_abs(54182.59,16324.57);
draw_line(0,0,838.480000000003,-838.48);
move_pen_abs(47516.54,22990.63);
draw_line(0,0,1585.78,-1585.78);
move_pen_abs(54304.21,16369.98);
draw_line(0,0,852.400000000001,-852.389999999999);
move_pen_abs(47601.86,23072.34);
draw_line(0,0,1587.96,-1587.96);
move_pen_abs(54426.25,16414.98);
draw_line(0,0,864.470000000001,-864.469999999999);
move_pen_abs(47687.27,23153.96);
draw_line(0,0,1589.73,-1589.73);
move_pen_abs(54548.7,16459.56);
draw_line(0,0,875.030000000006,-875.030000000001);
move_pen_abs(47772.79,23235.47);
draw_line(0,0,1591.07,-1591.07);
move_pen_abs(54671.56,16503.74);
draw_line(0,0,884.209999999999,-884.210000000001);
move_pen_abs(47858.42,23316.88);
draw_line(0,0,1591.99000000001,-1591.99);
move_pen_abs(54794.79,16547.54);
draw_line(0,0,892.110000000001,-892.110000000001);
move_pen_abs(47944.13,23398.2);
draw_line(0,0,1592.53000000001,-1592.53);
move_pen_abs(54918.35,16591.01);
draw_line(0,0,898.82,-898.819999999998);
move_pen_abs(48029.94,23479.42);
draw_line(0,0,1592.67,-1592.66);
move_pen_abs(55042.23,16634.17);
draw_line(0,0,904.439999999995,-904.449999999999);
move_pen_abs(53177.44,18498.95);
draw_line(0,0,15.3999999999942,-15.3899999999994);
move_pen_abs(48115.89,23560.51);
draw_line(0,0,1592.37,-1592.37);
move_pen_abs(55166.39,16677.04);
draw_line(0,0,909.050000000003,-909.050000000001);
move_pen_abs(53163.31,18680.12);
draw_line(0,0,81.4900000000052,-81.489999999998);
move_pen_abs(48201.99,23641.44);
draw_line(0,0,1591.63,-1591.63);
move_pen_abs(55290.81,16719.65);
draw_line(0,0,912.740000000005,-912.730000000001);
move_pen_abs(53156.75,18853.71);
draw_line(0,0,131.900000000001,-131.899999999998);
move_pen_abs(48288.28,23722.19);
draw_line(0,0,1590.41,-1590.42);
move_pen_abs(55415.46,16762.04);
draw_line(0,0,915.580000000002,-915.580000000002);
move_pen_abs(53144.25,19033.24);
draw_line(0,0,184.870000000003,-184.870000000003);
move_pen_abs(48374.79,23802.71);
draw_line(0,0,1588.7,-1588.71);
move_pen_abs(55540.35,16804.18);
draw_line(0,0,917.630000000005,-917.630000000001);
move_pen_abs(53125.27,19219.26);
draw_line(0,0,246.150000000001,-246.149999999998);
move_pen_abs(48461.54,23882.98);
draw_line(0,0,1586.47,-1586.46);
move_pen_abs(55665.46,16846.09);
draw_line(0,0,918.950000000004,-918.93);
move_pen_abs(53116.89,19394.67);
draw_line(0,0,305.779999999999,-305.779999999999);
move_pen_abs(48548.59,23962.97);
draw_line(0,0,1583.63,-1583.63);
move_pen_abs(55790.81,16887.79);
draw_line(0,0,919.550000000003,-919.550000000001);
move_pen_abs(53135.35,19543.24);
draw_line(0,0,359.779999999999,-359.780000000002);
move_pen_abs(48635.94,24042.65);
draw_line(0,0,1580.17,-1580.16);
move_pen_abs(55916.36,16929.27);
draw_line(0,0,918.809999999998,-918.810000000001);
move_pen_abs(53221.25,19624.38);
draw_line(0,0,374.050000000003,-374.049999999999);
move_pen_abs(48723.64,24121.99);
draw_line(0,0,1576.01,-1576.01);
move_pen_abs(56042.13,16970.54);
draw_line(0,0,916.5,-916.5);
move_pen_abs(53291.95,19720.71);
draw_line(0,0,428.370000000003,-428.369999999999);
move_pen_abs(48811.72,24200.94);
draw_line(0,0,1571.1,-1571.1);
move_pen_abs(56168.09,17011.6);
draw_line(0,0,912.830000000002,-912.829999999998);
move_pen_abs(53365.87,19813.83);
draw_line(0,0,476.139999999999,-476.150000000001);
move_pen_abs(48900.2,24279.5);
draw_line(0,0,1565.4,-1565.41);
move_pen_abs(56294.25,17052.48);
draw_line(0,0,907.970000000001,-907.969999999999);
move_pen_abs(53441.46,19905.27);
draw_line(0,0,497.07,-497.07);
move_pen_abs(48989.13,24357.6);
draw_line(0,0,1558.84,-1558.84);
move_pen_abs(56420.6,17093.16);
draw_line(0,0,902.090000000004,-902.09);
move_pen_abs(53518.2,19995.57);
draw_line(0,0,516.530000000006,-516.529999999999);
move_pen_abs(49078.82,24434.94);
draw_line(0,0,1551.1,-1551.09);
move_pen_abs(56547.11,17133.68);
draw_line(0,0,895.379999999997,-895.380000000001);
move_pen_abs(53595.63,20085.16);
draw_line(0,0,565.07,-565.060000000001);
move_pen_abs(49169.65,24511.14);
draw_line(0,0,1541.73,-1541.72);
move_pen_abs(56673.81,17174.02);
draw_line(0,0,887.970000000001,-887.970000000001);
move_pen_abs(53673.67,20174.16);
draw_line(0,0,603.410000000003,-603.419999999998);
move_pen_abs(49262.04,24585.79);
draw_line(0,0,1530.24,-1530.24);
move_pen_abs(56800.69,17214.17);
draw_line(0,0,879.989999999998,-879.989999999998);
move_pen_abs(53752.27,20262.59);
draw_line(0,0,637.170000000006,-637.170000000002);
move_pen_abs(49356.79,24658.07);
draw_line(0,0,1515.75,-1515.75);
move_pen_abs(56927.78,17254.11);
draw_line(0,0,871.540000000001,-871.540000000001);
move_pen_abs(53831.4,20350.5);
draw_line(0,0,667.909999999996,-667.919999999998);
move_pen_abs(49458.07,24723.82);
draw_line(0,0,1494.02,-1494.02);
move_pen_abs(57055.07,17293.86);
draw_line(0,0,862.779999999999,-862.779999999999);
move_pen_abs(53911.02,20437.91);
draw_line(0,0,696.140000000007,-696.139999999999);
move_pen_abs(49544.52,24804.41);
draw_line(0,0,1486.35000000001,-1486.35);
move_pen_abs(57182.58,17333.38);
draw_line(0,0,853.809999999998,-853.810000000001);
move_pen_abs(53991.08,20524.88);
draw_line(0,0,722.32,-722.32);
move_pen_abs(49616.32,24899.63);
draw_line(0,0,1492.48,-1492.47);
move_pen_abs(57310.32,17372.67);
draw_line(0,0,844.75,-844.75);
move_pen_abs(54071.57,20611.43);
draw_line(0,0,746.790000000001,-746.799999999999);
move_pen_abs(49781.31,24901.69);
draw_line(0,0,1404.26,-1404.27);
move_pen_abs(57438.3,17411.73);
draw_line(0,0,835.75,-835.759999999998);
move_pen_abs(54152.43,20697.59);
draw_line(0,0,769.610000000001,-769.599999999999);
move_pen_abs(50513.54,24336.49);
draw_line(0,0,747.25,-747.25);
move_pen_abs(57566.52,17450.53);
draw_line(0,0,826.93,-826.93);
move_pen_abs(54233.65,20783.41);
draw_line(0,0,790.619999999995,-790.619999999999);
move_pen_abs(50814.86,24202.2);
draw_line(0,0,519.159999999996,-519.16);
move_pen_abs(57695.02,17489.08);
draw_line(0,0,818.400000000001,-818.410000000003);
move_pen_abs(54315.25,20868.84);
draw_line(0,0,809.68,-809.670000000002);
move_pen_abs(51067.24,24116.85);
draw_line(0,0,337.490000000005,-337.489999999998);
move_pen_abs(57823.78,17527.35);
draw_line(0,0,810.360000000001,-810.359999999997);
move_pen_abs(54397.3,20953.82);
draw_line(0,0,826.449999999997,-826.450000000001);
move_pen_abs(51309.86,24041.27);
draw_line(0,0,161.339999999997,-161.34);
move_pen_abs(57952.82,17565.34);
draw_line(0,0,802.989999999998,-802.990000000002);
move_pen_abs(54479.87,21038.28);
draw_line(0,0,839.899999999994,-839.889999999999);
move_pen_abs(58082.16,17603.03);
draw_line(0,0,796.479999999996,-796.48);
move_pen_abs(54563.02,21122.17);
draw_line(0,0,824.790000000001,-824.799999999999);
move_pen_abs(58211.8,17640.43);
draw_line(0,0,791.07,-791.07);
move_pen_abs(54646.82,21205.4);
draw_line(0,0,743.620000000003,-743.620000000003);
move_pen_abs(62012,14007.26);
draw_line(0,0,859.769999999997,-859.780000000001);
move_pen_abs(58341.76,17677.5);
draw_line(0,0,786.959999999999,-786.959999999999);
move_pen_abs(54731.33,21287.92);
draw_line(0,0,661.739999999998,-661.73);
move_pen_abs(61743.57,14442.72);
draw_line(0,0,1450.99,-1450.98);
move_pen_abs(58472.07,17714.21);
draw_line(0,0,771.779999999999,-771.779999999999);
move_pen_abs(54816.63,21369.66);
draw_line(0,0,579.060000000005,-579.060000000001);
move_pen_abs(61514.43,14838.89);
draw_line(0,0,1945.83,-1945.83);
move_pen_abs(58602.87,17750.46);
draw_line(0,0,755.18,-755.18);
move_pen_abs(54902.96,21450.37);
draw_line(0,0,489.07,-489.079999999998);
move_pen_abs(61303.6,15216.75);
draw_line(0,0,2358.7,-2358.69);
move_pen_abs(58734.26,17786.09);
draw_line(0,0,737.979999999996,-737.970000000001);
move_pen_abs(54990.83,21529.52);
draw_line(0,0,390.68,-390.670000000002);
move_pen_abs(61103.76,15583.62);
draw_line(0,0,2722.55,-2722.54);
move_pen_abs(58866.39,17820.99);
draw_line(0,0,720.040000000001,-720.030000000002);
move_pen_abs(55080.74,21606.65);
draw_line(0,0,290.240000000005,-290.240000000002);
move_pen_abs(60911.02,15943.41);
draw_line(0,0,3058.39000000001,-3058.39);
move_pen_abs(58999.41,17855.02);
draw_line(0,0,701.209999999999,-701.220000000001);
move_pen_abs(55174.88,21679.54);
draw_line(0,0,185.580000000002,-185.580000000002);
move_pen_abs(60722.72,16298.74);
draw_line(0,0,3376.44,-3376.44);
move_pen_abs(59133.5,17887.96);
draw_line(0,0,681.309999999998,-681.32);
move_pen_abs(55276.39,21745.06);
draw_line(0,0,73.5400000000009,-73.5400000000009);
move_pen_abs(60524.76,16663.73);
draw_line(0,0,3694.98,-3694.98);
move_pen_abs(59269.39,17919.1);
draw_line(0,0,445.400000000001,-445.399999999998);
move_pen_abs(60307.22,17048.3);
draw_line(0,0,4026.58,-4026.58);
move_pen_abs(59408.28,17947.24);
draw_line(0,0,93.9199999999983,-93.9200000000019);
move_pen_abs(60064.23,17458.32);
draw_line(0,0,4378.96,-4378.96);
move_pen_abs(59785.6,17903.99);
draw_line(0,0,4763.7,-4763.7);
move_pen_abs(59455.26,18401.37);
draw_line(0,0,5197.23,-5197.24);
move_pen_abs(59050.81,18972.84);
draw_line(0,0,5701.74000000001,-5701.73);
move_pen_abs(50708.44,27482.25);
draw_line(50708.44,27482.25,916.17,-916.17);
move_pen_rel(6921.36,-6921.36);
draw_line(6921.36,-6921.36,6303.75,-6303.75);
move_pen_abs(50349.13,28008.59);
draw_line(50349.13,28008.59,1577.16,-1577.16);
move_pen_rel(6013.99,-6013.99);
draw_line(6013.99,-6013.99,7003.89,-7003.9);
move_pen_abs(50118.61,28406.14);
draw_line(50118.61,28406.14,2106.71,-2106.7);
move_pen_rel(5184.85,-5184.85);
draw_line(5184.85,-5184.85,7625.87,-7625.87);
move_pen_abs(49967.31,28724.47);
draw_line(49967.31,28724.47,2561.28,-2561.28);
move_pen_rel(4704.78,-4704.78);
draw_line(4704.78,-4704.78,7892.17,-7892.17);
move_pen_abs(49674.45,29184.37);
draw_line(49674.45,29184.37,3155.8,-3155.8);
move_pen_rel(4280.67,-4280.67);
draw_line(4280.67,-4280.67,8101.91,-8101.91);
move_pen_abs(49524.06,29501.79);
draw_line(49524.06,29501.79,3600.69,-3600.69);
move_pen_rel(3884.09,-3884.09);
draw_line(3884.09,-3884.09,8289.2,-8289.2);
move_pen_abs(49397.39,29795.49);
draw_line(49397.39,29795.49,4027,-4027);
move_pen_rel(3492,-3492);
draw_line(3492,-3492,8464.98,-8464.98);
move_pen_abs(49282.13,30077.79);
draw_line(49282.13,30077.79,4454.7,-4454.7);
move_pen_rel(3092.72,-3092.72);
draw_line(3092.72,-3092.72,8633.38,-8633.38);
move_pen_abs(49174.12,30352.83);
draw_line(49174.12,30352.83,4866.39,-4866.39);
move_pen_rel(2704.89,-2704.89);
draw_line(2704.89,-2704.89,8797.51,-8797.51);
move_pen_abs(49071.2,30622.79);
draw_line(49071.2,30622.79,5251.05,-5251.05);
move_pen_rel(2339.18,-2339.18);
draw_line(2339.18,-2339.18,8960.03,-8960.03);
move_pen_abs(48972.19,30888.82);
draw_line(48972.19,30888.82,5597.78,-5597.78);
move_pen_rel(2005.11,-2005.11);
draw_line(2005.11,-2005.11,9123.63,-9123.63);
move_pen_abs(48876.45,31151.6);
draw_line(48876.45,31151.6,6059.95,-6059.95);
move_pen_rel(1547.73,-1547.73);
draw_line(1547.73,-1547.73,9290.72,-9290.72);
move_pen_abs(48783.37,31411.71);
draw_line(48783.37,31411.71,6423.55,-6423.54);
move_pen_rel(1178.72,-1178.72);
draw_line(1178.72,-1178.72,6594.89,-6594.9);
move_pen_rel(112.52,-112.51);
draw_line(112.52,-112.51,2756.93,-2756.93);
move_pen_abs(48692.44,31669.68);
draw_line(48692.44,31669.68,6775.67,-6775.67);
move_pen_rel(806.57,-806.57);
draw_line(806.57,-806.57,6647.71,-6647.71);
move_pen_rel(323.11,-323.11);
draw_line(323.11,-323.11,2678.77,-2678.77);
move_pen_abs(48603.17,31925.98);
draw_line(48603.17,31925.98,7176.62,-7176.62);
move_pen_rel(362.29,-362.29);
draw_line(362.29,-362.29,6717.56,-6717.56);
move_pen_rel(406.1,-406.1);
draw_line(406.1,-406.1,2732.16,-2732.16);
move_pen_abs(48532.31,32163.88);
draw_line(48532.31,32163.88,14255.48,-14255.48);
move_pen_rel(453.57,-453.56);
draw_line(453.57,-453.56,2828.04,-2828.05);
move_pen_abs(48475.52,32387.69);
draw_line(48475.52,32387.69,14238.57,-14238.57);
move_pen_rel(479.78,-479.78);
draw_line(479.78,-479.78,2929.64,-2929.65);
move_pen_abs(48405.92,32624.33);
draw_line(48405.92,32624.33,14238.05,-14238.05);
move_pen_rel(490.15,-490.15);
draw_line(490.15,-490.15,3021.88,-3021.88);
move_pen_abs(48346.16,32851.13);
draw_line(48346.16,32851.13,14229.91,-14229.91);
move_pen_rel(488.84,-488.84);
draw_line(488.84,-488.84,3102.53,-3102.53);
move_pen_abs(48320.09,33044.23);
draw_line(48320.09,33044.23,14189.42,-14189.42);
move_pen_rel(480.72,-480.72);
draw_line(480.72,-480.72,3169.17,-3169.17);
move_pen_abs(48324.46,33206.89);
draw_line(48324.46,33206.89,14120.26,-14120.27);
move_pen_rel(467.06,-467.06);
draw_line(467.06,-467.06,3224.03,-3224.02);
move_pen_abs(48348.62,33349.76);
draw_line(48348.62,33349.76,14033.54,-14033.54);
move_pen_rel(449.33,-449.33);
draw_line(449.33,-449.33,3272.26,-3272.26);
move_pen_abs(48385.81,33479.61);
draw_line(48385.81,33479.61,13936.38,-13936.38);
move_pen_rel(430.5,-430.5);
draw_line(430.5,-430.5,3321.54,-3321.54);
move_pen_abs(48431.68,33600.77);
draw_line(48431.68,33600.77,13832.89,-13832.89);
move_pen_rel(422,-422);
draw_line(422,-422,3367.16,-3367.16);
move_pen_abs(48483.44,33716.04);
draw_line(48483.44,33716.04,13723.43,-13723.43);
move_pen_rel(415.52,-415.52);
draw_line(415.52,-415.52,3411.89,-3411.89);
move_pen_abs(48539.91,33826.61);
draw_line(48539.91,33826.61,13610.6,-13610.6);
move_pen_rel(407.42,-407.42);
draw_line(407.42,-407.42,3457,-3457);
move_pen_abs(48599.65,33933.9);
draw_line(48599.65,33933.9,13497.8,-13497.8);
move_pen_rel(397.77,-397.77);
draw_line(397.77,-397.77,3500.26,-3500.26);
move_pen_abs(48661.72,34038.85);
draw_line(48661.72,34038.85,13388.25,-13388.25);
move_pen_rel(386.06,-386.06);
draw_line(386.06,-386.06,3539.67,-3539.67);
move_pen_abs(48725.99,34141.62);
draw_line(48725.99,34141.62,13285.9,-13285.9);
move_pen_rel(369.57,-369.57);
draw_line(369.57,-369.57,3574.24,-3574.24);
move_pen_abs(48792.35,34242.3);
draw_line(48792.35,34242.3,13192.91,-13192.91);
move_pen_rel(347.58,-347.58);
draw_line(347.58,-347.58,3602.59,-3602.59);
move_pen_abs(48860.74,34340.94);
draw_line(48860.74,34340.94,13109.62,-13109.62);
move_pen_rel(321.27,-321.27);
draw_line(321.27,-321.27,3623.22,-3623.22);
move_pen_abs(48931.43,34437.29);
draw_line(48931.43,34437.29,13033.55,-13033.55);
move_pen_rel(294.27,-294.28);
draw_line(294.27,-294.28,3634.67,-3634.67);
move_pen_abs(49004.83,34530.91);
draw_line(49004.83,34530.91,12961.76,-12961.76);
move_pen_rel(273.88,-273.87);
draw_line(273.88,-273.87,3632.13,-3632.13);
move_pen_abs(49081.41,34621.37);
draw_line(49081.41,34621.37,12891.9,-12891.9);
move_pen_rel(492.04,-492.04);
draw_line(492.04,-492.04,3385.51,-3385.51);
move_pen_abs(49162.09,34707.72);
draw_line(49162.09,34707.72,12821.3,-12821.3);
move_pen_rel(727.41,-727.41);
draw_line(727.41,-727.41,3117.93,-3117.93);
move_pen_abs(49249.78,34787.07);
draw_line(49249.78,34787.07,12746.11,-12746.11);
move_pen_rel(970.85,-970.85);
draw_line(970.85,-970.85,2839.33,-2839.33);
move_pen_abs(49347.66,34856.22);
draw_line(49347.66,34856.22,10216.24,-10216.24);
move_pen_rel(31.44,-31.44);
draw_line(31.44,-31.44,2414.85,-2414.85);
move_pen_rel(1223.67,-1223.67);
draw_line(1223.67,-1223.67,2548.74,-2548.75);
move_pen_abs(49448.54,34922.37);
draw_line(49448.54,34922.37,10126.98,-10126.99);
move_pen_rel(192.4,-192.4);
draw_line(192.4,-192.4,2257.85,-2257.86);
move_pen_rel(1493.08,-1493.07);
draw_line(1493.08,-1493.07,2239.28,-2239.28);
move_pen_abs(49550.89,34987.05);
draw_line(49550.89,34987.05,10004.94,-10004.94);
move_pen_rel(316.71,-316.71);
draw_line(316.71,-316.71,2169.62,-2169.62);
move_pen_rel(1814.05,-1814.05);
draw_line(1814.05,-1814.05,1876.18,-1876.18);
move_pen_abs(49654.61,35050.37);
draw_line(49654.61,35050.37,9879.49,-9879.49);
move_pen_rel(342.57,-342.57);
draw_line(342.57,-342.57,2183.16,-2183.16);
move_pen_rel(2099.1,-2099.1);
draw_line(2099.1,-2099.1,1546.17,-1546.17);
move_pen_abs(49759.56,35112.46);
draw_line(49759.56,35112.46,9749.11,-9749.12);
move_pen_rel(339.01,-339.01);
draw_line(339.01,-339.01,2233.8,-2233.81);
move_pen_rel(2345.52,-2345.52);
draw_line(2345.52,-2345.52,1248.96,-1248.95);
move_pen_abs(49865.61,35173.43);
draw_line(49865.61,35173.43,9611.94,-9611.94);
move_pen_rel(334.12,-334.13);
draw_line(334.12,-334.13,2292.56,-2292.56);
move_pen_rel(2632.81,-2632.81);
draw_line(2632.81,-2632.81,906.41,-906.41);
move_pen_abs(49972.71,35233.37);
draw_line(49972.71,35233.37,9465.13,-9465.13);
move_pen_rel(330.7,-330.7);
draw_line(330.7,-330.7,2357.8,-2357.8);
move_pen_rel(2971.56,-2971.56);
draw_line(2971.56,-2971.56,505.21,-505.21);
move_pen_abs(50080.89,35292.22);
draw_line(50080.89,35292.22,3009.22,-3009.22);
move_pen_rel(214.23,-214.23);
draw_line(214.23,-214.23,6078.92,-6078.92);
move_pen_rel(336.25,-336.25);
draw_line(336.25,-336.25,2427.43,-2427.43);
move_pen_abs(50190.2,35349.94);
draw_line(50190.2,35349.94,2997.92,-2997.92);
move_pen_rel(393.68,-393.68);
draw_line(393.68,-393.68,5718.79,-5718.79);
move_pen_rel(366.54,-366.54);
draw_line(366.54,-366.54,2497.94,-2497.94);
move_pen_abs(50300.67,35406.51);
draw_line(50300.67,35406.51,3037.66,-3037.67);
move_pen_rel(1288,-1288);
draw_line(1288,-1288,4522.36,-4522.36);
move_pen_rel(466.23,-466.23);
draw_line(466.23,-466.23,2564.22,-2564.22);
move_pen_abs(50412.36,35461.85);
draw_line(50412.36,35461.85,3098.23,-3098.22);
move_pen_rel(6055.42,-6055.43);
draw_line(6055.42,-6055.43,2620.4,-2620.4);
move_pen_abs(50525.31,35515.93);
draw_line(50525.31,35515.93,3165.06,-3165.06);
move_pen_rel(5972.39,-5972.39);
draw_line(5972.39,-5972.39,2517.7,-2517.7);
move_pen_abs(50639.58,35568.69);
draw_line(50639.58,35568.69,3227.04,-3227.04);
move_pen_rel(6505.42,-6505.42);
draw_line(6505.42,-6505.42,1718.24,-1718.24);
move_pen_abs(50755.22,35620.08);
draw_line(0,0,3280.75,-3280.74);
move_pen_abs(50872.43,35669.92);
draw_line(0,0,3329.53,-3329.54);
move_pen_abs(50991.4,35717.98);
draw_line(0,0,3374.38,-3374.38);
move_pen_abs(51112.4,35764.01);
draw_line(0,0,3415.3,-3415.31);
move_pen_abs(51235.73,35807.71);
draw_line(0,0,3452.03,-3452.03);
move_pen_abs(51361.72,35848.76);
draw_line(0,0,3484.26,-3484.26);
move_pen_abs(51490.78,35886.73);
draw_line(0,0,3511.59,-3511.59);
move_pen_abs(51623.55,35921);
draw_line(0,0,3533.13,-3533.14);
move_pen_abs(51761.29,35950.29);
draw_line(0,0,3547.17,-3547.18);
move_pen_abs(51905.98,35972.62);
draw_line(0,0,3551.35,-3551.35);
move_pen_abs(52061.18,35984.46);
draw_line(0,0,3541.65,-3541.65);
move_pen_abs(52219.88,35992.79);
draw_line(0,0,3523.67000000001,-3523.67);
move_pen_abs(52322.56,36057.15);
draw_line(0,0,3554.94,-3554.95);
move_pen_abs(52447.37,36099.37);
draw_line(0,0,3449.11,-3449.11);
move_pen_abs(52587.44,36126.33);
draw_line(0,0,3298.41,-3298.41);
move_pen_abs(52738.72,36142.08);
draw_line(0,0,3136.5,-3136.5);
move_pen_abs(52898.83,36149.01);
draw_line(0,0,2965.75999999999,-2965.76);
move_pen_abs(53066.14,36148.73);
draw_line(0,0,2787.82,-2787.82);
move_pen_abs(53239.52,36142.38);
draw_line(0,0,2603.81,-2603.8);
move_pen_abs(53418.16,36130.78);
draw_line(0,0,2414.53,-2414.54);
move_pen_abs(53601.5,36114.47);
draw_line(0,0,2220.56,-2220.56);
move_pen_abs(53789.05,36093.95);
draw_line(0,0,2022.38,-2022.38);
move_pen_abs(53980.51,36069.52);
draw_line(0,0,1820.29,-1820.28);
move_pen_abs(54175.26,36041.81);
draw_line(0,0,1614.91,-1614.89999999999);
move_pen_abs(54373.09,36011.02);
draw_line(0,0,1406.45,-1406.45);
move_pen_abs(54573.85,35977.28);
draw_line(0,0,1195.05,-1195.05);
move_pen_abs(54777.4,35940.76);
draw_line(0,0,980.869999999995,-980.860000000001);
move_pen_abs(54983.53,35901.67);
draw_line(0,0,764.110000000001,-764.110000000001);
move_pen_abs(55191.97,35860.26);
draw_line(0,0,545.040000000001,-545.029999999999);
move_pen_abs(55402.43,35816.84);
draw_line(0,0,323.949999999997,-323.949999999997);
move_pen_abs(55614.56,35771.74);
draw_line(0,0,101.18,-101.18);
endfile();
spider man blue