move_pen_abs(35307.02,19595.13);
draw_curve(35307.02,19595.13,180.78,-143.88,1123.63,-230.41,1392.44,-230.93);
draw_curve(1392.44,-230.93,255.21,-0.52,1242.2,89.51,1392.19,235.06);
draw_curve(1392.19,235.06,-118.02,100.8,-445,257.66,-598.04,313.65);
draw_curve(-598.04,313.65,-503.44,184.13,-1071.15,198.34,-1571.56,5.07);
draw_curve(-1571.56,5.07,-178.83,-69.07,-476.72,-203.95,-615.03,-322.85);
move_pen_rel(-21.73,-101.46);
draw_curve(-21.73,-101.46,2.9,-117.74,294.07,-982.94,349.81,-1177.53);
draw_curve(349.81,-1177.53,67.8,-236.69,56.14,-243.4,394.72,-363.88);
draw_curve(394.72,-363.88,520.48,-185.19,1098.42,-128.68,1590.17,106.83);
draw_curve(1590.17,106.83,111.17,53.24,105.13,142.65,140.65,257.94);
draw_line(140.65,257.94,353.62,1175.34);
draw_curve(353.62,1175.34,-77.81,-7.96,-215.57,-59.72,-305.31,-80.5);
draw_curve(-305.31,-80.5,-701.55,-162.43,-1501.35,-185.15,-2198.3,-3.75);
draw_curve(-2198.3,-3.75,-71.08,18.5,-274.02,80.69,-325.37,85.55);
move_pen_rel(-1294.94,-1382.76);
draw_curve(-1294.94,-1382.76,257.02,131.11,538.93,281.96,713.12,509.69);
draw_curve(713.12,509.69,183.52,239.96,377,509.52,423.97,826.5);
draw_curve(423.97,826.5,-261.13,-127.12,-1035.24,-1053.15,-1137.09,-1336.19);
move_pen_rel(4283.12,1334.4);
draw_curve(4283.12,1334.4,70.44,-542.04,708.03,-1233.93,1149.44,-1333.43);
draw_curve(1149.44,-1333.43,-0.89,0.8,-223.02,328.97,-241.07,357.98);
draw_curve(-241.07,357.98,-140.7,226.06,-719.25,916.31,-908.37,975.44);
move_pen_rel(-79.59,-68.02);
draw_line(-79.59,-68.02,-412.71,-1330.93);
draw_curve(-412.71,-1330.93,34.65,-360.22,489.73,-799.89,974.2,-798.95);
draw_line(974.2,-798.95,674.49,752.81);
draw_curve(674.49,752.81,-63.3,56.46,-135.37,68.98,-210.07,107.91);
draw_curve(-210.07,107.91,-433.78,226.17,-741.38,569.62,-936.58,1017.7);
draw_curve(-936.58,1017.7,-35.63,81.83,-57.57,188.26,-89.32,251.46);
move_pen_rel(-4222.91,-1374.91);
draw_line(-4222.91,-1374.91,668.98,-761.1);
draw_curve(668.98,-761.1,339.77,21.23,668.44,192.96,838.83,485.91);
draw_curve(838.83,485.91,56.04,96.37,114.37,194.97,132.85,304.94);
draw_curve(132.85,304.94,15.46,91.96,-336.09,1165.07,-386.57,1349.39);
draw_curve(-386.57,1349.39,-56.42,-52.48,-68.15,-150.95,-95.87,-227.24);
draw_curve(-95.87,-227.24,-27.13,-74.66,-70.87,-154.46,-111.02,-228.63);
draw_curve(-111.02,-228.63,-71.1,-131.34,-174.04,-277.62,-275.03,-383.48);
draw_curve(-275.03,-383.48,-411.57,-431.47,-666.67,-436.58,-772.15,-539.78);
move_pen_rel(1786.48,-45.13);
draw_curve(1786.48,-45.13,8.93,-102.49,423.69,-1404.79,490.76,-1624.44);
draw_curve(490.76,-1624.44,40.46,-132.52,29.51,-146.99,150.22,-207.53);
draw_curve(150.22,-207.53,87.46,-43.88,195.98,-62.83,300.98,-62.13);
draw_curve(300.98,-62.13,127.1,0.87,172.87,14.85,284.95,57.13);
draw_curve(284.95,57.13,138.83,52.34,116.94,67.99,158.25,201.24);
draw_curve(158.25,201.24,54.63,176.21,111.83,354.57,167.3,533.51);
draw_curve(167.3,533.51,104.66,337.41,259.48,760.98,334.8,1099.5);
draw_curve(334.8,1099.5,-166.9,-16.15,-678.43,-330.41,-1445,-134.74);
draw_curve(-1445,-134.74,-137.89,35.19,-330.34,119.13,-442.26,137.44);
move_pen_rel(2201.53,-1765.35);
draw_curve(2201.53,-1765.35,140.65,26.28,264.52,74.52,417.12,96.22);
draw_curve(417.12,96.22,196.24,27.88,334.35,11.74,520.43,23.5);
draw_line(520.43,23.5,-128.28,570.16);
draw_curve(-128.28,570.16,-16.94,101.62,-1.23,134.48,-54.65,186.04);
draw_curve(-54.65,186.04,-124.86,-151.04,-276.72,-296.83,-387.16,-432.1);
draw_curve(-387.16,-432.1,-121.82,-149.28,-264.92,-295.77,-367.46,-443.82);
move_pen_rel(-3294.78,877.88);
draw_curve(-3294.78,877.88,-43.04,-85.01,-44.92,-279.67,-72.49,-390.13);
draw_curve(-72.49,-390.13,-24.02,-96.18,-93.02,-288.81,-102.17,-372.67);
draw_curve(-102.17,-372.67,446.69,11.24,535.61,-16.87,949.52,-117.39);
draw_curve(949.52,-117.39,-25.76,79.09,-301.59,362.58,-372.17,439.31);
draw_curve(-372.17,439.31,-73.25,79.61,-348.42,408.72,-402.69,440.87);
move_pen_rel(2694.18,-1157.9);
draw_curve(2694.18,-1157.9,33.96,10.61,381.95,188.18,405.99,207.63);
draw_line(405.99,207.63,871.87,1045.74);
draw_curve(871.87,1045.74,-0.12,0.05,-42.73,15.53,-46.38,16.48);
draw_curve(-46.38,16.48,-27.83,7.02,-49.3,6.86,-81.89,15.81);
draw_curve(-81.89,15.81,-143.46,39.38,-302.35,125.05,-425.74,212.37);
draw_curve(-425.74,212.37,-209.7,148.38,-223.58,311.18,-350.77,486.26);
draw_curve(-350.77,486.26,-63.75,-80.24,-400.95,-1271.4,-487.25,-1538.2);
draw_curve(-487.25,-1538.2,-55.41,-171.29,-119.15,-361.85,114.19,-446.08);
move_pen_rel(-1696.51,1985.84);
draw_curve(-1696.51,1985.84,-137.04,-205.39,-116.07,-295.96,-334.16,-478.95);
draw_curve(-334.16,-478.95,-181.96,-152.67,-364.28,-197.96,-587.39,-252.55);
draw_curve(-587.39,-252.55,22.67,-113.59,476.53,-574.99,581.61,-701.12);
draw_curve(581.61,-701.12,46.29,-55.53,263.41,-308.57,300.79,-337.3);
draw_curve(300.79,-337.3,70.46,-54.16,374.88,-205.39,458.17,-202.16);
draw_curve(458.17,-202.16,189.06,151.2,124.65,252.12,68.93,450.58);
draw_curve(68.93,450.58,-63.13,225.02,-445.04,1467.67,-487.96,1521.5);
move_pen_rel(679.94,-1851.63);
draw_line(679.94,-1851.63,120.15,-395.81);
draw_line(120.15,-395.81,475.91,-8.18);
draw_line(475.91,-8.18,117.13,396.5);
draw_curve(117.13,396.5,-160.56,-26.61,-200.58,-60.07,-375.54,-57.95);
draw_curve(-375.54,-57.95,-161.83,1.96,-193.04,30.45,-337.65,65.44);
move_pen_rel(-74.47,-55.12);
draw_line(-74.47,-55.12,-129.62,-140.22);
draw_line(-129.62,-140.22,201.33,-129.27);
draw_line(201.33,-129.27,-71.71,269.49);
draw_line(-71.71,269.49,0,0);
move_pen_rel(772.51,-283.09);
draw_line(772.51,-283.09,223.18,131.63);
draw_line(223.18,131.63,-122.2,149.89);
draw_curve(-122.2,149.89,-56.28,-72.94,-68.22,-192.59,-100.98,-281.51);
move_pen_rel(-4154.63,-156.34);
draw_curve(-4154.63,-156.34,223.61,111.52,584.19,685.05,700.23,936.04);
draw_curve(700.23,936.04,173.36,374.98,314.48,959.56,254.46,1375.9);
draw_curve(254.46,1375.9,-203.81,-224.55,-948.37,-2012.24,-954.69,-2311.94);
move_pen_rel(6687.68,2306.9);
draw_curve(6687.68,2306.9,-65.24,-119.94,-4.85,-606.01,34.74,-762.17);
draw_curve(34.74,-762.17,56.07,-221.15,115.53,-419.85,207.42,-626.13);
draw_curve(207.42,-626.13,261.1,-586.21,674.44,-881.06,723.7,-953.18);
draw_curve(723.7,-953.18,-65.59,462.53,-703.65,1916.91,-965.85,2341.47);
move_pen_rel(-103.25,45.22);
draw_curve(-103.25,45.22,-97.9,-62.29,-478.63,-532.85,-586.35,-648.05);
draw_curve(-586.35,-648.05,-105.06,-112.35,-52.18,-255.16,-9.92,-490.13);
draw_curve(-9.92,-490.13,139.09,-773.07,158.8,-292.7,879.95,-797.35);
draw_curve(879.95,-797.35,210.62,-147.41,369.3,-328.65,516.52,-539.76);
draw_line(516.52,-539.76,208.19,-7.69);
draw_curve(208.19,-7.69,-29.53,93.19,-136.85,163.02,-204.68,228.89);
draw_curve(-204.68,228.89,-358.48,348.06,-637,935.1,-745.29,1430.43);
draw_curve(-745.29,1430.43,-68.3,312.41,-43.15,518.88,-58.42,823.65);
move_pen_rel(-6562.49,-2478.02);
draw_line(-6562.49,-2478.02,227.17,-4.74);
draw_curve(227.17,-4.74,517.75,775.36,1197.12,827.19,1247.6,869.42);
draw_curve(1247.6,869.42,63.49,53.1,174.66,589.7,181.94,734.45);
draw_curve(181.94,734.45,7.21,142.89,47.3,126.6,-48.74,228.95);
draw_curve(-48.74,228.95,-89.81,95.71,-523.26,620.52,-585.67,651.07);
draw_curve(-585.67,651.07,-6.25,-566.11,-26.19,-951.41,-275.41,-1465.36);
draw_curve(-275.41,-1465.36,-345.7,-713.05,-700.84,-913.09,-746.89,-1013.79);
move_pen_rel(3383.47,-17.2);
draw_curve(3383.47,-17.2,165.77,-181.7,146.73,-175.27,408.84,-176.05);
draw_curve(408.84,-176.05,131.01,-0.4,289.74,-17.77,412.12,176.05);
draw_curve(412.12,176.05,-162.19,157.87,-180.95,150.73,-412.12,152.71);
draw_curve(-412.12,152.71,-260.54,2.22,-218.44,3.63,-408.84,-152.71);
move_pen_rel(4266.48,-487.3);
draw_line(4266.48,-487.3,33.87,404.74);
draw_line(33.87,404.74,-240.91,10.54);
draw_line(-240.91,10.54,207.04,-415.28);
draw_line(207.04,-415.28,0,0);
move_pen_rel(-7716.2,-20.65);
draw_curve(-7716.2,-20.65,42.66,58.47,204.24,364.33,218.21,435.03);
draw_line(218.21,435.03,-246.51,-1.3);
draw_line(-246.51,-1.3,28.3,-433.73);
draw_line(28.3,-433.73,0,0);
move_pen_rel(4515.5,288.86);
draw_curve(4515.5,288.86,12.25,-91.77,157.87,-386.17,221.22,-433.31);
draw_line(221.22,-433.31,102.16,134.05);
draw_curve(102.16,134.05,-29.08,57.53,-259.47,256.32,-323.39,299.26);
move_pen_rel(-1650.74,-304.56);
draw_curve(-1650.74,-304.56,96.41,-66.57,60.03,-51.85,115.83,-134.64);
draw_curve(115.83,-134.64,56.28,45.39,212.55,385.06,217.45,433.94);
draw_curve(217.45,433.94,-69.97,-33.94,-294.87,-234.78,-333.29,-299.3);
move_pen_rel(1463.59,431.96);
draw_line(1463.59,431.96,-160.35,-121.84);
draw_line(-160.35,-121.84,119.42,-755.78);
draw_curve(119.42,-755.78,103.15,42.85,51.68,144.91,388.72,188.02);
draw_curve(388.72,188.02,-9.17,67.69,-294.64,635.02,-347.78,689.6);
move_pen_rel(-1288.13,-690.09);
draw_curve(-1288.13,-690.09,392.13,-72.47,264.24,-137.04,387.35,-185.71);
draw_line(387.35,-185.71,117.53,752.99);
draw_curve(117.53,752.99,-59.41,58.31,-96.65,97.24,-176.14,124.22);
draw_curve(-176.14,124.22,-70.89,-183.47,-304.84,-533.44,-328.74,-691.51);
move_pen_rel(1037.83,519.19);
draw_line(1037.83,519.19,-438.96,8.44);
draw_curve(-438.96,8.44,-41.83,-79.82,-125.31,-635.37,-125.28,-748.7);
draw_curve(-125.28,-748.7,149.58,33.84,163.58,73.81,344.79,72.42);
draw_curve(344.79,72.42,179.09,-1.34,192.76,-36.56,343.52,-73.98);
draw_curve(343.52,-73.98,-0.89,97.12,-91.68,677.91,-124.06,741.82);
move_pen_rel(779.48,-356.06);
draw_curve(779.48,-356.06,-105.3,-168.27,-20.45,-289.64,69.03,-448.08);
draw_curve(69.03,-448.08,74.56,-132.04,124.53,-253.58,203.07,-381.39);
draw_curve(203.07,-381.39,57.69,333.48,44.35,246.98,267.18,427.77);
draw_curve(267.18,427.77,-31.72,92.13,-162.14,174.19,-241.47,242.7);
draw_curve(-241.47,242.7,-93.19,80.5,-160.66,181.04,-297.82,159);
move_pen_rel(-2537.83,-398.73);
draw_curve(-2537.83,-398.73,225.94,-172.04,206.03,-142.35,266.83,-431.49);
draw_curve(266.83,-431.49,78.03,103.06,146.85,264.64,210.17,395.76);
draw_curve(210.17,395.76,79.16,163.98,181.87,260.56,64.2,432.67);
draw_curve(64.2,432.67,-137.37,26.54,-219.29,-84.94,-309.01,-168.15);
draw_curve(-309.01,-168.15,-73.11,-67.83,-204.19,-143.52,-232.19,-228.79);
move_pen_rel(2417,137.78);
draw_curve(2417,137.78,-150.83,17.44,-261.55,-9.87,-352.8,-125.54);
draw_curve(-352.8,-125.54,-105.94,-134.29,-46.1,-201.88,-29.3,-352.8);
draw_curve(-29.3,-352.8,15.88,-142.54,96.15,-690.5,142.46,-786.11);
draw_curve(142.46,-786.11,85.85,134.26,104.54,214.77,240.57,328.01);
draw_curve(240.57,328.01,113.33,94.34,243.19,117.95,380.99,158.18);
draw_curve(380.99,158.18,-16.5,90.03,-315.73,659.24,-381.93,778.26);
move_pen_rel(-2133.04,-776.54);
draw_curve(-2133.04,-776.54,124.41,-75.44,437.36,-37.83,611.71,-503.61);
draw_curve(611.71,-503.61,44.82,66.25,131.81,672.89,146.33,802.02);
draw_curve(146.33,802.02,19.8,176.26,86.23,220.37,-39.31,362.39);
draw_curve(-39.31,362.39,-98.53,111.47,-184.37,133.72,-341.77,116.68);
draw_curve(-341.77,116.68,-51.83,-70.61,-370.52,-703.41,-376.96,-777.48);
move_pen_rel(2893.84,564.22);
draw_curve(2893.84,564.22,-396.82,-56.89,-289.1,-546.87,-157.19,-798.06);
draw_curve(-157.19,-798.06,68.79,-130.96,136.62,-266.54,199.69,-398.38);
draw_line(199.69,-398.38,148.73,-290.44);
draw_curve(148.73,-290.44,41.81,-80.93,3.28,-45.18,72.23,-90.26);
draw_curve(72.23,-90.26,-0.92,223.04,-25.67,399.11,80.37,606.9);
draw_curve(80.37,606.9,120.07,235.34,195.56,200.42,325.67,346.15);
draw_curve(325.67,346.15,-55.26,92.41,-555.2,549.73,-669.5,624.08);
move_pen_rel(-3936.31,-624.08);
draw_curve(-3936.31,-624.08,92.95,-131.57,220.45,-136.1,320.94,-360.22);
draw_curve(320.94,-360.22,101.74,-226.83,56.73,-358.83,77.72,-581.85);
draw_curve(77.72,-581.85,60.9,27.59,40.42,17.93,74.21,92.38);
draw_line(74.21,92.38,342.22,675.86);
draw_curve(342.22,675.86,128.65,239.89,229.73,749.74,-154.44,797.61);
draw_curve(-154.44,797.61,-141.8,-83.48,-559.63,-490.39,-660.66,-623.78);
move_pen_rel(-1359.87,-967.08);
draw_line(-1359.87,-967.08,591.09,780.07);
draw_curve(591.09,780.07,165.75,208.55,773,881.67,986.9,1069.17);
draw_curve(986.9,1069.17,127.26,111.57,231.05,228.08,363.38,335.83);
draw_line(363.38,335.83,739,637.68);
draw_curve(739,637.68,-19.87,27.65,3.06,11.17,-40.39,40.09);
draw_curve(-40.39,40.09,-86.73,57.72,-387.94,168.95,-481.45,195.87);
draw_curve(-481.45,195.87,-241.26,69.45,-458.55,95,-710.5,54.42);
draw_curve(-710.5,54.42,-367.15,-59.08,-730.72,-311.93,-926.78,-606.1);
draw_curve(-926.78,-606.1,-536.01,-804.23,-611.05,-1529.51,-521.24,-2507.03);
move_pen_rel(4640.47,2837.89);
draw_curve(4640.47,2837.89,37.24,-45.91,824.76,-687.71,1078.39,-966.09);
draw_curve(1078.39,-966.09,106.29,-116.66,236.8,-230.39,349.74,-349.29);
draw_curve(349.74,-349.29,453.62,-477.57,570.61,-620.95,958.67,-1116.43);
draw_curve(958.67,-1116.43,103.53,-132.17,190.61,-283.89,289.41,-407.94);
draw_curve(289.41,-407.94,103.74,254.59,31.91,1092.74,-30.64,1385.42);
draw_curve(-30.64,1385.42,-157,734.76,-574.87,1574.29,-1386.86,1726.65);
draw_curve(-1386.86,1726.65,-469.79,88.14,-865.81,-80.27,-1258.7,-272.32);
move_pen_rel(-1543.86,-2452.73);
draw_curve(-1543.86,-2452.73,83.92,19.7,157.43,82.86,268.15,115.33);
draw_curve(268.15,115.33,203.6,59.72,410.19,61.23,616.28,-6.65);
draw_curve(616.28,-6.65,84.46,-27.83,157.62,-91.98,230.89,-119.79);
draw_curve(230.89,-119.79,6.69,150.01,-86.02,636.57,-120.45,805.69);
draw_curve(-120.45,805.69,-44.44,218.35,25.71,492.18,-434.11,491.21);
draw_curve(-434.11,491.21,-448.56,-0.92,-393.41,-248.92,-434.63,-486.99);
draw_curve(-434.63,-486.99,-40.06,-231.26,-115.9,-575.44,-126.13,-798.81);
move_pen_rel(-3393.7,1950.8);
draw_curve(-3393.7,1950.8,-201.36,-398.24,-485.6,-2560.41,-355.61,-2827.45);
draw_curve(-355.61,-2827.45,259.43,417.02,149.06,960.69,175.11,1418.2);
draw_curve(175.11,1418.2,13.88,243.76,49.52,482.04,111.5,718.05);
draw_curve(111.5,718.05,125.21,476.57,100.7,157.99,69,691.2);
move_pen_rel(7905.11,0.8);
draw_curve(7905.11,0.8,-67.78,-249.5,32.9,-486.64,92.88,-719.95);
draw_curve(92.88,-719.95,60.33,-234.63,96.18,-487.77,111.5,-730.06);
draw_curve(111.5,-730.06,17.46,-276.26,13.31,-510.87,-15.48,-786.18);
draw_curve(-15.48,-786.18,-11.69,-111.61,118.21,-544.26,184.27,-620.71);
draw_curve(184.27,-620.71,29.2,543.88,-18.26,1013.3,-83.36,1543.89);
draw_curve(-83.36,1543.89,-24.93,203.29,-198.62,1204.05,-289.8,1313.02);
move_pen_rel(-2626.19,-1403.14);
draw_curve(-2626.19,-1403.14,-215.38,-4.88,-393.74,-90.71,-511.1,-260.2);
draw_curve(-511.1,-260.2,-145.15,-209.68,-142.77,-343.09,-115.88,-584.28);
draw_curve(-115.88,-584.28,15.88,-142.58,187.99,-1198.11,220.26,-1249.6);
draw_curve(220.26,-1249.6,43.93,79.28,69.71,207.96,135.13,317);
draw_curve(135.13,317,206.17,343.7,471.32,481.41,880.19,498.43);
draw_curve(880.19,498.43,11.07,143.24,-529.56,1033.94,-608.6,1278.66);
move_pen_rel(-3258.96,-1277.98);
draw_curve(-3258.96,-1277.98,256.06,-26.13,490.93,-70.77,681.35,-240.78);
draw_curve(681.35,-240.78,230.65,-205.93,259,-431.68,335.15,-576.43);
draw_curve(335.15,-576.43,35.26,56.28,199.8,1111.59,221.44,1270.6);
draw_curve(221.44,1270.6,58.38,429.2,-167.09,812.97,-627.38,821.76);
draw_curve(-627.38,821.76,-88.75,-235.32,-616.78,-1127.93,-610.56,-1275.15);
move_pen_rel(-2120.06,-83.43);
draw_curve(-2120.06,-83.43,6.25,74.9,-0.38,182.32,-61.65,226.3);
draw_line(-61.65,226.3,-116.87,-370.01);
draw_curve(-116.87,-370.01,65.92,31.42,130.94,90.52,178.52,143.71);
move_pen_rel(8293.29,-145.31);
draw_line(8293.29,-145.31,-128.44,362.72);
draw_curve(-128.44,362.72,-35.78,-61.44,-53.52,-141,-52.01,-225.04);
draw_line(-52.01,-225.04,180.45,-137.68);
draw_line(180.45,-137.68,0,0);
move_pen_rel(-986.45,329.21);
draw_curve(-986.45,329.21,-153.68,-74.31,-334.35,-488.88,-361.52,-663.87);
draw_curve(-361.52,-663.87,-97.33,-626.84,-8.95,-1120.67,287.83,-1671.55);
draw_curve(287.83,-1671.55,58.8,-109.14,287.5,-619.72,348.16,-664.41);
draw_line(348.16,-664.41,86.94,738.12);
draw_curve(86.94,738.12,62.67,388.6,236.47,857.26,404.04,1210.83);
draw_curve(404.04,1210.83,48.36,102.05,267.18,471.28,280.09,525.88);
draw_curve(280.09,525.88,-39.69,60.33,-200.46,211.16,-270.22,232.28);
draw_line(-270.22,232.28,-196.79,-631.6);
draw_curve(-196.79,-631.6,-127.24,60.92,-393.55,790.14,-578.52,924.31);
move_pen_rel(-4088.04,-1046.2);
draw_curve(-4088.04,-1046.2,84.87,8.89,637.63,357.49,1311.94,138.48);
draw_curve(1311.94,138.48,125.37,-40.72,260.72,-121.7,356.97,-150.33);
draw_curve(356.97,-150.33,6.06,117.83,-148.61,897.88,-175.62,1131.91);
draw_curve(-175.62,1131.91,-40.7,352.94,-36.43,387.7,-182.29,474.59);
draw_curve(-182.29,474.59,-359.09,213.94,-614.46,208.5,-964.13,-7.16);
draw_curve(-964.13,-7.16,-115.69,-71.34,-102.35,-54.2,-125.38,-192.31);
draw_curve(-125.38,-192.31,-58.4,-350.11,-205.15,-1148.1,-221.48,-1395.18);
move_pen_rel(-3462.04,521.21);
draw_curve(-3462.04,521.21,57.53,-176.17,526.04,-790.61,686.98,-1773.71);
draw_curve(686.98,-1773.71,16.45,-100.58,80.74,-668.95,98.86,-698.83);
draw_curve(98.86,-698.83,60.52,96.88,112.94,233.39,170.44,345.11);
draw_curve(170.44,345.11,57.48,111.76,111.05,222.88,168.81,331.66);
draw_curve(168.81,331.66,314.53,592.55,480.35,1409.7,141.17,2036.87);
draw_curve(141.17,2036.87,-43.03,79.61,-141.19,253.49,-220.28,275.48);
draw_curve(-220.28,275.48,-104.28,-99.67,-323.46,-536.67,-418.06,-698.13);
draw_curve(-418.06,-698.13,-41.65,-71.08,-77.77,-184.48,-141.38,-216.3);
draw_curve(-141.38,-216.3,-88.16,140.88,-130.77,533.06,-219.48,637.49);
draw_curve(-219.48,637.49,-54.91,-29.48,-234.73,-185.17,-267.06,-239.63);
move_pen_rel(6672.13,1652.41);
draw_curve(6672.13,1652.41,-474.2,-138.86,-481.83,-915.56,-230.63,-1404.58);
draw_curve(-230.63,-1404.58,108.88,-211.92,222,-433.35,327.04,-650.65);
draw_curve(327.04,-650.65,51.4,-106.38,279.95,-600.77,342.29,-639.8);
draw_curve(342.29,-639.8,-20.43,375.02,-88.94,576.69,9.93,973.06);
draw_curve(9.93,973.06,81.49,326.76,190.82,434.48,365.59,687.95);
draw_curve(365.59,687.95,-31.98,133.18,-696.34,958.08,-814.22,1034.01);
move_pen_rel(-4513.66,-1390.7);
draw_curve(-4513.66,-1390.7,258.02,487.04,209.72,1288.63,-238.1,1383.28);
draw_curve(-238.1,1383.28,-166.83,-144.49,-519.04,-610.6,-676.14,-826.19);
draw_curve(-676.14,-826.19,-98.81,-135.65,-175.36,-163.27,-61.53,-301.89);
draw_curve(-61.53,-301.89,515.93,-628.21,296.31,-1403.31,303.92,-1513.37);
draw_curve(303.92,-1513.37,2.83,-41.17,9.73,-30.61,17.53,-43.74);
draw_curve(17.53,-43.74,133.18,219.15,488.55,988.95,654.32,1301.92);
move_pen_rel(-722.54,-1670.86);
draw_curve(-722.54,-1670.86,409.24,8.63,725.02,29.88,1090.9,-181.85);
draw_curve(1090.9,-181.85,335.41,-194.07,414.76,-463.73,533.63,-715.8);
draw_curve(533.63,-715.8,40.13,59.98,298.41,1586.94,284.17,1708.05);
draw_curve(284.17,1708.05,-62.88,535.21,-491.07,990.83,-1056.85,930.03);
draw_curve(-1056.85,930.03,-125.99,-248.7,-827.91,-1581.66,-851.86,-1740.43);
move_pen_rel(4872.09,1742.01);
draw_curve(4872.09,1742.01,-604.8,47.04,-974.59,-382.07,-1062.97,-940.09);
draw_curve(-1062.97,-940.09,-14.07,-88.87,255.75,-1652.01,287.78,-1701.06);
draw_curve(287.78,-1701.06,96.41,305.62,285.11,575.7,560.71,731.34);
draw_curve(560.71,731.34,415.25,234.49,739.8,156.11,1083.31,159.03);
draw_curve(1083.31,159.03,-51.61,180.52,-337.27,672.91,-436.18,888.39);
draw_curve(-436.18,888.39,-133.25,290.3,-305.05,571.88,-432.65,862.39);
move_pen_rel(-3155.71,-2756.18);
draw_curve(-3155.71,-2756.18,143.69,37.99,336.73,162.52,518.48,216.35);
draw_curve(518.48,216.35,987.82,292.54,1579.99,-170.77,1778.43,-215.97);
draw_line(1778.43,-215.97,-288.86,1753.44);
draw_curve(-288.86,1753.44,-124.04,146.17,-594.01,268.08,-802.41,272.51);
draw_curve(-802.41,272.51,-302.25,6.43,-615.34,-66.44,-860.18,-220.21);
draw_curve(-860.18,-220.21,-122.59,-76.99,-151.91,-631.83,-200.91,-875.43);
draw_curve(-200.91,-875.43,-29.98,-148.94,-45.93,-312.07,-74.47,-463.47);
draw_curve(-74.47,-463.47,-28,-148.61,-62.59,-310.99,-70.06,-467.22);
move_pen_rel(5422.59,2194.79);
draw_curve(5422.59,2194.79,-282.4,-290.02,-721.58,-1771.59,-656.02,-2257.76);
draw_curve(-656.02,-2257.76,257.35,252.9,733.15,1989.63,656.02,2257.76);
move_pen_rel(-8546.35,-11.19);
draw_curve(-8546.35,-11.19,-20.76,-41.1,-16.17,7.24,-11.48,-66.86);
draw_curve(-11.48,-66.86,27.67,-437.76,250.92,-1336.12,422.37,-1714.82);
draw_curve(422.37,-1714.82,28.7,-63.35,231.55,-468.85,231.9,-477.8);
draw_curve(231.9,-477.8,90.59,413.89,-333.31,1871.4,-642.8,2259.48);
move_pen_rel(773.64,-2414.1);
draw_curve(773.64,-2414.1,69.64,-47.94,493.33,-176.59,636.52,-245.1);
draw_curve(636.52,-245.1,306.66,-146.68,770.08,-481.97,971.18,-744.46);
draw_line(971.18,-744.46,366.09,-482.33);
draw_line(366.09,-482.33,230.23,1359.99);
draw_curve(230.23,1359.99,46.43,302.01,22.22,359.89,-103.88,631.6);
draw_curve(-103.88,631.6,-183.21,394.78,-520.18,574.24,-936,636.53);
draw_curve(-936,636.53,-122.34,18.33,-245.05,20.79,-369.37,7.82);
draw_curve(-369.37,7.82,-125.59,-13.08,-218.23,14.21,-277.98,-101.41);
draw_curve(-277.98,-101.41,-71.5,-138.36,-507.78,-984.59,-516.8,-1062.64);
move_pen_rel(6417.46,1145.83);
draw_curve(6417.46,1145.83,-642.09,36.15,-1247.22,39.69,-1563.49,-708.29);
draw_curve(-1563.49,-708.29,-69.95,-165.46,-117.88,-267.93,-82.35,-458.59);
draw_curve(-82.35,-458.59,49.63,-266.24,208.57,-1380.49,248.7,-1465.31);
draw_curve(248.7,-1465.31,60.62,74.85,110.3,167.66,169.94,250.73);
draw_curve(169.94,250.73,67.9,94.55,117.74,162.54,192.21,246.65);
draw_curve(192.21,246.65,727.35,821.55,1493.48,907.55,1617.3,988.97);
draw_line(1617.3,988.97,-582.32,1145.83);
draw_line(-582.32,1145.83,0,0);
move_pen_rel(-1749.27,-1047.77);
draw_curve(-1749.27,-1047.77,-325.89,176.42,-517.49,295.84,-913.56,338.47);
draw_curve(-913.56,338.47,-387.94,41.76,-706.26,1.11,-1054.32,-139.85);
draw_curve(-1054.32,-139.85,-71.86,-29.1,-354.62,-156.72,-384.71,-229.71);
draw_line(-384.71,-229.71,-259.17,-1606.46);
draw_curve(-259.17,-1606.46,64.13,9.85,431.47,150.36,662.87,198.91);
draw_curve(662.87,198.91,587.74,123.37,969.51,99.85,1551.94,0.31);
draw_curve(1551.94,0.31,191.79,-32.78,530.52,-185.88,664.38,-195.56);
draw_line(664.38,-195.56,-267.44,1633.89);
draw_line(-267.44,1633.89,0,0);
move_pen_rel(-4606.23,-228.91);
draw_curve(-4606.23,-228.91,186.51,-463.61,1324.74,-1326.62,1806.78,-1379.76);
draw_curve(1806.78,-1379.76,-65.59,224.71,-550.69,718.47,-740.76,859.12);
draw_curve(-740.76,859.12,-252.26,186.68,-755.12,491.87,-1066.02,520.65);
move_pen_rel(6855.01,-0.05);
draw_curve(6855.01,-0.05,-586.61,-60.85,-1657.91,-916.72,-1809.37,-1394.82);
draw_curve(-1809.37,-1394.82,439.34,96.06,1157.33,586.96,1473.28,935.17);
draw_curve(1473.28,935.17,85.93,94.69,305.69,339.6,336.09,459.65);
move_pen_rel(-4448.05,-1554.09);
draw_curve(-4448.05,-1554.09,592.88,-116.8,1882.95,-135.93,2323.75,68.75);
draw_curve(2323.75,68.75,-15.98,48.64,3.11,27.03,-49.84,52.3);
draw_line(-49.84,52.3,-546.38,149.86);
draw_curve(-546.38,149.86,-249.3,39.9,-441.27,74.09,-700.96,74.12);
draw_curve(-700.96,74.12,-377.29,0.05,-986.78,-94.72,-1316.7,-255.84);
draw_line(-1316.7,-255.84,290.13,-89.18);
draw_line(290.13,-89.18,0,0);
move_pen_rel(-3423.06,4584.52);
draw_line(-3423.06,4584.52,0,635.63);
draw_curve(0,635.63,21.92,61.98,48.83,537.47,61.37,653.99);
draw_curve(61.37,653.99,58,539.15,221.01,1297.94,363.99,1810.26);
draw_curve(363.99,1810.26,397.53,1424.52,969.58,2744.75,1948.02,3859.46);
draw_curve(1948.02,3859.46,371.09,422.77,999.7,833.62,1576.22,956.43);
draw_curve(1576.22,956.43,85.01,18.12,260.42,30.99,324.21,59.37);
draw_line(324.21,59.37,399.32,0);
draw_curve(399.32,0,165.65,-81.52,523.64,-45.58,1070.87,-381.46);
draw_curve(1070.87,-381.46,1439.04,-883.25,2293.96,-2918.65,2726.53,-4477.13);
draw_curve(2726.53,-4477.13,169.12,-609.33,281.44,-1165.4,362.93,-1787.52);
draw_curve(362.93,-1787.52,16.71,-127.62,41.27,-603.51,65.78,-672.51);
draw_line(65.78,-672.51,0,-565.83);
draw_curve(0,-565.83,-25.55,-69.43,-34.41,-426.14,-42.92,-536.15);
draw_curve(-42.92,-536.15,-122.88,-1585.41,-829.92,-3197.83,-2327.4,-3915.12);
draw_curve(-2327.4,-3915.12,-287.96,-137.91,-536.48,-217.38,-842.29,-295.3);
draw_curve(-842.29,-295.3,-300.01,-76.43,-971.96,-129.34,-997.67,-139.24);
draw_line(-997.67,-139.24,-605.16,0);
draw_curve(-605.16,0,-239.16,114.37,-3285.9,-88.52,-3967.75,3806.83);
draw_curve(-3967.75,3806.83,-29.53,168.7,-91.51,928.48,-116.07,988.29);
endfile();
spider man head frame