move_pen_abs(12147.04,7806.9);
draw_line(0,0,0,-3908.4);
draw_line(0,0,518.57,0);
draw_line(0,0,0,1610.3);
draw_line(0,0,2019.7,0);
draw_line(0,0,0,-1610.3);
draw_line(0,0,518.58,0);
draw_line(0,0,0,3908.4);
draw_line(0,0,-518.58,0);
draw_line(0,0,0,-1839.57);
draw_line(0,0,-2019.7,0);
draw_line(0,0,0,1839.57);
draw_line(0,0,-518.57,0);
move_pen_abs(17939.58,6889.85);
draw_line(17939.58,6889.85,496.74,65.5);
draw_curve(496.74,65.5,-77.33,288.39,-221.98,513.11,-433.05,672.33);
draw_curve(-433.05,672.33,-211.07,159.21,-480.36,239.26,-808.8,239.26);
draw_curve(-808.8,239.26,-413.03,0,-740.56,-127.36,-982.56,-382.09);
draw_curve(-982.56,-382.09,-242,-253.83,-363,-611.37,-363,-1070.81);
draw_curve(-363,-1070.81,0,-474.9,121.91,-844.28,366.63,-1106.29);
draw_curve(366.63,-1106.29,244.74,-262.93,562.24,-393.94,952.54,-393.94);
draw_curve(952.54,-393.94,377.56,0,685.97,128.29,925.24,385.76);
draw_curve(925.24,385.76,239.28,257.46,359.37,619.55,359.37,1086.27);
draw_curve(359.37,1086.27,0,28.2,-0.92,70.97,-2.73,127.36);
draw_line(-2.73,127.36,-2109.77,0);
draw_curve(-2109.77,0,18.19,310.24,105.54,548.6,263.83,713.27);
draw_curve(263.83,713.27,157.4,164.67,354.82,247.46,590.45,247.46);
draw_curve(590.45,247.46,175.59,0,325.7,-46.4,449.43,-139.19);
draw_curve(449.43,-139.19,124.64,-92.81,222.89,-241.09,295.68,-444.88);
move_pen_abs(16367.49,6120.17);
draw_line(16367.49,6120.17,1577.56,0);
draw_curve(1577.56,0,-20.93,-238.36,-81.88,-416.68,-181.05,-535.86);
draw_curve(-181.05,-535.86,-151.93,-184.68,-350.26,-277.47,-593.18,-277.47);
draw_curve(-593.18,-277.47,-220.17,0,-404.85,73.69,-554.96,221.07);
draw_curve(-554.96,221.07,-149.2,147.38,-232,344.81,-248.37,592.26);
move_pen_abs(19032.23,7806.9);
draw_line(0,0,0,-3908.4);
draw_line(0,0,480.360000000001,0);
draw_line(0,0,0,3908.4);
draw_line(0,0,-480.360000000001,0);
move_pen_abs(20244.96,7806.9);
draw_line(0,0,0,-3908.4);
draw_line(0,0,480.360000000001,0);
draw_line(0,0,0,3908.4);
draw_line(0,0,-480.360000000001,0);
move_pen_abs(21288.47,6390.38);
draw_curve(21288.47,6390.38,0,-523.13,145.57,-910.69,437.6,-1162.7);
draw_curve(437.6,-1162.7,242.91,-209.24,540.4,-313.87,890.67,-313.87);
draw_curve(890.67,-313.87,388.47,0,706.89,127.37,954.35,382.11);
draw_curve(954.35,382.11,246.55,253.83,370.28,605.92,370.28,1054.43);
draw_curve(370.28,1054.43,0,363.91,-54.58,649.58,-163.76,857.92);
draw_curve(-163.76,857.92,-109.17,208.34,-268.38,370.28,-477.63,485.81);
draw_curve(-477.63,485.81,-208.34,115.54,-436.69,172.85,-683.24,172.85);
draw_curve(-683.24,172.85,-396.67,0,-716.91,-126.46,-961.63,-380.28);
draw_curve(-961.63,-380.28,-244.74,-253.83,-366.65,-619.56,-366.65,-1096.28);
move_pen_abs(21779.74,6391.29);
draw_curve(21779.74,6391.29,0,362.09,79.15,633.2,237.46,812.43);
draw_curve(237.46,812.43,159.21,180.13,358.45,270.2,599.54,270.2);
draw_curve(599.54,270.2,238.36,0,436.69,-90.06,595.9,-271.11);
draw_curve(595.9,-271.11,158.31,-181.05,237.46,-456.71,237.46,-826.99);
draw_curve(237.46,-826.99,0,-349.36,-80.06,-614.1,-239.28,-793.32);
draw_curve(-239.28,-793.32,-159.21,-180.13,-357.54,-270.21,-594.08,-270.21);
draw_curve(-594.08,-270.21,-241.09,0,-440.33,89.16,-599.54,268.39);
draw_curve(-599.54,268.39,-158.31,179.22,-237.46,449.43,-237.46,810.61);
move_pen_abs(26277.69,6835.26);
draw_line(0,0,-147.389999999999,-2070.65);
draw_line(0,0,0,-866.11);
draw_line(0,0,594.98,0);
draw_line(0,0,0,866.11);
draw_line(0,0,-136.449999999997,2070.65);
draw_line(0,0,-311.140000000003,0);
move_pen_abs(26152.13,7261.03);
draw_line(0,0,551.33,0);
draw_line(0,0,0,545.87);
draw_line(0,0,-551.33,0);
draw_line(0,0,0,-545.87);
endfile();
// Hello!